0.999742
-0.614083
-0.263386
0.94575
-0.41593
0.263918
0.956543
0.703646
0.375477
0.697718
0.724643
0.579532
-0.165957
0.78192
0.335638
-0.598409
0.243502
0.0454509
-0.445578
-0.47057
-0.937433
-0.114427
-0.525983
0.942063
0.449074
0.892703
0.590198
0.292708
0.414155
-0.559896
-0.222051
-0.734647
-0.865759
0.563115
0.677651
0.545631
0.661418
-0.779154
0.640434
-0.758793
-0.704247
0.300575
-0.486426
-0.244642
-0.818706
-0.70715
0.389422
-0.820733
-0.235043
0.885226
-0.429425
0.143714
-0.674076
0.066157
0.622379
-0.592566
0.164956
-0.905032
-0.178611
0.30835
-0.559538
0.318247
0.698859
-0.0242213
-0.619863
0.209294
0.530594
0.608452
0.638879
0.250046
-0.802149
-0.0997074
-0.789803
0.154878
0.241631
0.113231
0.747722
0.525319
0.980242
-0.0122353
0.814386
-0.673881
0.703347
0.813088
0.0423226
0.520957
-0.077306
-0.903203
0.506197
0.426502
0.293299
0.675393
-0.663912
-0.911664
-0.180099
-0.723854
-0.384851
0.0160694
0.163331
0.483728
0.557503
0.145577
0.405532
0.665605
0.553991
0.620646
-0.787506
-0.720541
-0.879143
0.801315
-0.713835
-0.165644
-0.564762
-0.670106
0.588459
0.619775
-0.535028
0.154407
0.96381
0.858508
-0.699987
0.26278
-0.0009218
0.895119
-0.57016
0.611498
0.522468
0.983521
0.164707
0.782338
0.994832
0.378362
-0.343395
0.548539
0.441903
-0.334947
-0.533332
0.176254
-0.651261
0.996718
-0.723544
0.568478
-0.942822
0.0394023
0.810874
-0.259818
0.501395
-0.401753
0.0924129
0.608619
0.833906
0.564894
-0.822949
-0.725928
0.251482
0.748164
0.23572
0.941661
0.980614
-0.111538
-0.501329
-0.0881169
0.571614
0.616162
0.500945
-0.778293
0.732986
0.691728
-0.387634
-0.321576
0.960081
0.123357
-0.107269
-0.999501
0.85929
-0.992465
-0.605973
-0.976075
0.495069
0.683984
0.507465
0.965167
0.289556
0.355812
0.212671
0.660209
0.449124
0.616227
0.952822
-0.951544
-0.270872
0.86008
-0.213752
-0.154592
-0.208977
0.939297
0.83509
0.715841
0.372022
0.0865694
-0.472976
-0.835268
-0.241596
-0.959638
-0.387309
0.0254302
0.197513
-0.00271584
0.163473
-0.733407
0.783203
-0.608611
-0.263648
-0.586938
0.93368
0.613469
-0.692628
-0.346827
0.0637456
-0.0154506
0.678966
-0.277663
0.632127
0.296334
-0.732113
-0.645765
0.614206
0.670996
0.979437
0.636816
0.407838
0.613272
0.954321
0.481006
0.738497
0.909604
0.58003
0.598445
0.445966
0.951896
-0.614046
-0.110111
0.950621
-0.754176
0.516574
0.955853
0.985133
-0.847827
0.300425
0.613122
0.400598
0.461559
0.629269
0.215005
0.438935
-0.842841
0.547452
0.0336297
-0.44767
-0.995526
0.286541
-0.534126
-0.954456
0.898576
0.695907
0.173623
0.109443
0.72586
0.15774
-0.535083
0.444054
-0.695267
-0.159604
0.268069
0.937147
0.93165
-0.841051
0.505142
0.325765
0.525406
-0.700599
0.55851
-0.691444
0.570648
-0.315483
0.0180369
0.467171
0.596515
0.402488
-0.960215
-0.554039
0.991141
0.437899
0.546643
0.47523
0.326764
-0.122543
0.0568415
0.876585
0.739846
0.482493
-0.949294
-0.975178
0.639251
-0.313141
0.693265
0.999973
0.711066
0.263879
0.80575
0.522308
0.897382
-0.880249
0.696522
0.00313342
-0.923591
0.745985
0.82226
-0.0818311
-0.821861
-0.442755
-0.642591
0.0681522
0.359183
0.791009
-0.914985
-0.733427
0.440613
0.816257
-0.495584
-0.394858
0.996924
-0.335339
0.885712
0.83359
-0.192409
-0.930975
0.650761
-0.527519
0.314069
-0.955961
0.60111
0.793305
0.785516
0.256513
0.370626
0.752004
-0.107863
0.640423
0.129319
0.807627
0.944072
0.403436
0.656593
0.00893417
0.56345
-0.904294
-0.634441
0.878157
0.672259
0.960911
0.140019
-0.696983
0.161457
0.225135
0.0905731
-0.279579
-0.275654
0.953555
0.781863
0.968003
0.999723
0.945706
-0.365445
-0.9865
0.17408
0.603099
0.288264
-0.95708
0.815534
-0.756964
-0.794804
0.883632
0.176909
0.902246
0.401942
0.723966
0.795759
0.361822
-0.88332
-0.88589
0.893687
-0.657602
0.258926
-0.855739
-0.267731
0.930474
0.310678
0.421266
0.777295
0.559582
-0.184684
-0.8996
-0.35521
0.661412
0.598475
0.493088
-0.653938
0.770407
0.589759
0.842368
0.789555
-0.846888
-0.852312
0.883925
0.722119
-0.848814
0.839772
0.744892
0.619338
-0.407301
0.212599
0.934313
0.589252
0.208331
0.880948
0.439595
-0.937788
0.734433
-0.0807205
0.499576
-0.45776
0.556212
0.433783
0.779301
0.961606
0.0696563
0.996547
0.70587
0.182617
0.0543851
-0.719368
0.361134
0.817483
0.91406
0.808073
0.17684
-0.309707
0.588412
0.733783
0.590816
0.303776
0.819619
0.521696
0.203492
0.4037
-0.0246952
0.57591
0.913367
-0.282995
-0.724946
0.965591
0.637777
0.171333
0.534434
-0.0178464
-0.396441
-0.210977
0.656361
-0.900331
0.279961
-0.823253
-0.722892
0.993078
-0.0540103
0.731153
0.899142
0.0552196
0.797709
-0.0709614
-0.312533
-0.0201271
0.71446
0.462952
0.273396
0.602231
-0.129403
0.841949
0.816279
-0.623211
-0.14633
0.948884
-0.789407
-0.417825
0.849743
-0.0415457
0.984728
-0.933939
0.811768
0.329909
0.273368
0.96331
0.959312
0.614758
0.849953
0.199612
-0.117699
-0.874296
0.191435
-0.458316
-0.0803598
0.394324
-0.160191
0.886745
0.27472
-0.341674
0.968507
0.906354
-0.430613
-0.130743
-0.251212
-0.66934
-0.779876
-0.531208
-0.187152
0.862256
0.0424377
0.762031
-0.506709
0.986384
0.875333
-0.753673
-0.0562395
0.405113
0.627914
0.5563
-0.0320533
-0.828887
-0.506696
0.665792
0.703712
0.734803
-0.374757
0.593934
0.880006
-0.0218898
0.359074
0.301485
-0.16914
0.52192
-0.959384
0.606576
0.138863
-0.41242
0.987542
-0.192443
0.284403
0.709479
0.885473
-0.905144
0.133436
-0.429839
0.261988
-0.609293
-0.80287
0.0244985
-0.951166
-0.125285
0.358439
0.246017
0.869209
0.198867
0.289982
0.0554112
0.879029
0.692399
-0.756035
0.0598592
0.828499
0.808794
0.934548
-0.374316
0.549727
0.281666
-0.841541
0.751087
-0.912081
0.643115
0.938671
0.642292
0.746715
-0.53003
-0.986053
0.828986
0.915859
-0.38481
-0.537612
0.691044
-0.609634
0.990259
0.982699
0.577257
-0.961735
0.724181
-0.0471938
0.314147
0.696278
0.4275
-0.244207
0.102826
0.980873
-0.0245034
0.332052
0.830444
0.967602
-0.334427
0.249555
0.156766
0.0116819
-0.500125
0.395918
-0.344483
0.394561
0.861176
-0.387361
-0.629996
-0.455642
-0.737517
0.710023
-0.626765
0.2453
0.385552
0.870916
-0.965114
0.381093
-0.159042
0.762215
0.862607
0.695718
-0.796783
-0.20766
0.545587
0.434093
0.659891
0.557051
-0.419444
0.971286
0.965572
-0.235807
-0.579649
-0.173981
0.984532
0.42835
0.830752
-0.664224
0.20892
0.497509
-0.554676
-0.0882173
0.495032
0.82327
-0.548795
-0.937563
-0.190039
-0.714488
-0.29994
0.865409
-0.012022
0.888153
0.0853529
0.874216
0.56284
-0.40004
0.353701
-0.230326
-0.791972
0.932285
-0.723756
-0.0689925
-0.856372
0.553727
0.630482
-0.110481
-0.00201693
-0.171058
0.372972
-0.781563
0.275712
-0.128144
0.655495
0.874011
0.0472229
0.842299
0.217533
0.350265
0.281613
-0.307764
0.454646
-0.878348
0.958483
0.739757
-0.910759
0.29234
-0.88966
0.415854
0.959552
0.517426
0.353351
0.638935
-0.54887
0.401864
0.591049
-0.641901
0.947384
-0.546977
0.450106
0.838512
-0.76115
0.605833
0.771412
0.577997
-0.981125
-0.490843
0.54449
-0.920449
0.608612
0.608924
0.599521
0.0557532
0.584105
0.53956
0.961386
0.992685
-0.779721
-0.854383
0.1297
0.945585
0.653493
0.224313
-0.906128
0.709433
0.609603
-0.47723
0.061311
0.952564
-0.940477
0.933599
0.833673
0.585895
0.858216
0.569762
0.192714
-0.196387
-0.0624593
-0.272266
-0.402848
-0.944496
0.569297
0.658738
0.517614
-0.714093
0.19268
0.919127
-0.725893
0.0748183
-0.33024
0.749414
0.593678
-0.944948
0.277443
0.911206
0.647316
0.531188
0.44624
0.532744
0.684592
0.552328
0.217382
0.508244
-0.347698
0.787256
-0.423882
0.187378
0.865493
-0.501021
0.343665
-0.711307
0.448134
-0.325457
-0.486458
0.399697
0.838949
0.323437
0.409782
0.591092
0.998974
-0.571239
-0.736346
-0.853159
0.522203
-0.169317
0.883207
0.784511
0.139099
0.345611
0.192418
0.535322
0.425083
0.957987
0.903509
0.642799
0.0053914
0.617706
-0.514612
0.513422
0.0996313
0.805614
0.718828
0.645978
-0.0288175
0.800965
0.713473
-0.897475
0.353234
0.512337
-0.298299
0.777457
-0.405448
0.898795
-0.334706
-0.534069
-0.974867
0.841324
0.519394
0.844198
-0.675738
0.863718
0.654228
-0.796039
-0.95762
0.754308
-0.937971
0.305125
-0.822383
0.742467
0.863591
0.872115
0.876085
0.863419
0.20617
0.897145
0.39043
-0.881408
0.468851
0.420239
0.745897
-0.22488
-0.914819
0.0615073
-0.26441
0.784808
0.310354
0.624159
0.284459
0.19669
0.118693
-0.918295
-0.799527
0.0493233
-0.688229
0.968147
0.790971
-0.136092
0.961256
-0.777424
-0.770917
-0.190428
-0.114021
0.84666
0.342101
0.51026
0.981386
0.77323
-0.512524
0.201599
0.433021
-0.465519
0.621619
-0.275378
-0.567101
0.0587753
-0.614223
0.77969
-0.817589
0.547459
-0.418311
0.449363
0.854027
0.930355
0.802932
0.254492
0.544414
-0.562096
0.229596
-0.184518
0.595155
0.673347
0.440016
0.351833
0.787939
0.986796
-0.14215
0.49497
0.724132
0.764972
-0.849693
0.395251
-0.981229
0.75687
0.625477
0.962907
0.329171
-0.0482636
0.258258
0.139201
0.996299
0.48609
0.757351
0.970098
0.270067
-0.7905
0.979115
-0.725807
0.534539
-0.525699
-0.47089
-0.97037
-0.0223736
-0.0958324
0.672569
-0.0200429
-0.957029
-0.69788
0.461128
0.689006
0.853264
-0.683962
-0.889365
0.0809041
-0.386085
0.23676
0.863176
0.197085
-0.845881
-0.170545
0.280588
0.700131
0.633904
0.982719
-0.154028
0.781671
-0.887045
0.706154
-0.201545
-0.794974
0.932277
0.707119
-0.777995
0.670476
-0.477721
0.962396
0.710254
0.697266
0.316297
-0.808899
0.566096
-0.820626
0.679745
0.361141
0.710411
0.850511
-0.92811
-0.794874
0.574284
0.958673
0.268369
0.848913
-0.814859
0.668006
0.838386
0.799859
0.664804
0.0859248
0.544755
0.343917
-0.00791713
-0.0586082
0.480731
-0.784266
-0.282103
0.214659
0.528895
-0.60179
-0.238258
0.0106961
0.891531
0.916791
0.882821
0.197465
0.169301
0.315314
-0.00179391
0.0827419
0.976223
-0.0187735
-0.74706
-0.384866
0.634772
0.963736
0.913706
-0.879367
0.568943
0.914952
-0.86263
0.955321
0.214696
0.20968
-0.335885
0.140504
-0.234178
0.703997
-0.84657
-0.578825
0.146574
-0.242257
0.380216
0.568213
0.973499
-0.547194
0.116161
0.936033
0.671877
-0.160612
0.686025
0.977084
-0.952831
-0.338578
0.731146
0.191934
0.7658
-0.419006
-0.117229
0.0254625
0.638339
-0.918544
0.0913726
0.93385
0.165312
0.328493
-0.754371
-0.556511
0.269146
-0.234318
0.50208
0.944053
-0.321681
0.990571
-0.472584
0.891488
-0.468045
-0.302652
0.207237
0.794888
-0.811968
0.840412
0.761381
0.811331
-0.492877
-0.760323
0.83944
-0.674283
0.619612
0.565471
0.293788
-0.0243573
0.91699
-0.487245
0.52768
-0.0654982
0.794372
0.371969
0.972785
0.59598
0.966681
-0.744313
0.166757
-0.949147
-0.220933
-0.14896
0.602231
0.213645
0.989745
0.269018
-0.745725
-0.953067
0.616901
0.00936794
0.278058
0.698087
-0.836312
0.779461
-0.18826
-0.991851
-0.737564
0.632338
-0.568395
-0.798426
-0.0629382
0.695819
0.321804
0.669329
0.806665
-0.997804
0.787595
-0.0963832
0.48342
0.1675
0.180017
-0.32324
0.109398
-0.285332
0.12402
0.898565
0.532894
0.417993
0.900174
0.745206
-0.466887
0.382332
0.621376
-0.99403
-0.544215
0.590461
0.708359
0.36505
0.68394
0.475286
0.213687
0.835306
-0.866539
0.698328
0.404611
-0.755445
0.17004
0.751483
0.997625
-0.331982
-0.29543
0.14719
0.711346
0.947381
0.921192
-0.0293885
0.1784
0.261732
0.486888
-0.0652133
-0.444708
0.884451
0.839823
-0.946324
-0.568619
0.746461
0.744138
0.250803
-0.747386
0.440988
-0.106685
0.333411
-0.868976
-0.510655
-0.540726
-0.0655619
-0.472107
-0.725563
-0.673826
0.36573
0.431433
0.182265
-0.834999
0.260515
0.869947
0.925034
-0.608738
-0.187146
0.367387
-0.0801412
0.764658
-0.412653
0.750553
0.962579
0.629193
-0.568235
-0.175504
0.493525
-0.102261
-0.0678985
-0.594149
0.723562
0.733102
0.976313
-0.697167
-0.683931
0.878206
-0.128562
-0.143695
0.773584
0.746817
-0.891271
0.805742
0.457668
-0.962878
-0.854846
0.422071
-0.98592
0.586748
0.252988
0.891547
-0.628985
-0.7779
-0.965989
0.1239
0.749903
-0.609293
0.331344
-0.943664
-0.874451
0.567508
-0.455268
0.0676667
-0.640075
-0.856409
0.918249
-0.495024
0.104788
-0.823172
0.443632
-0.838347
0.495913
-0.704027
0.157078
0.353002
0.97381
-0.221248
0.542947
-0.549045
0.968588
-0.38026
0.803874
-0.781921
0.998177
0.0544831
0.587765
0.386974
-0.68009
0.773802
-0.905885
0.801519
-0.00783498
0.477331
0.711803
0.33516
-0.0559035
0.432892
-0.22357
0.930989
-0.790379
0.278517
-0.161184
0.968575
-0.728194
0.387705
0.803697
0.052548
-0.393384
0.734773
0.36458
-0.584034
-0.757202
0.325089
0.244137
0.438383
0.936976
0.704684
0.832064
0.832591
-0.0899256
-0.60275
0.835718
0.982668
-0.904463
0.738268
-0.409196
0.690418
0.616128
0.220736
-0.486011
-0.783289
0.973736
0.639327
0.0713434
0.323408
0.667529
0.467769
0.333809
-0.788816
-0.73687
0.667983
0.663929
-0.0413445
-0.863011
0.168631
0.329999
-0.956739
0.601839
-0.201835
0.812872
0.983285
0.235689
0.282253
0.266423
0.942972
0.651296
0.846234
-0.704747
0.939363
-0.367316
0.945803
0.320581
-0.801044
0.227677
-0.753831
-0.835919
0.14052
0.768827
-0.532366
-0.382566
0.771894
0.295436
0.884398
0.862454
0.520321
0.576055
-0.0359683
0.165789
0.420717
0.300446
0.965269
-0.110054
0.753824
0.576293
-0.301601
-0.880904
-0.495415
0.750728
-0.850872
-0.254322
-0.301898
-0.597881
0.754678
0.9736
0.746735
-0.671577
0.829754
0.626571
-0.994209
-0.0984636
0.799973
-0.95883
-0.589539
0.272109
0.664257
0.89055
0.913297
0.618062
-0.477615
0.00309833
0.512908
-0.700537
0.635357
-0.780206
0.419605
-0.289691
-0.412493
0.0548417
0.608957
0.405008
0.607149
0.450779
0.521818
-0.919169
0.112938
0.764956
0.456999
0.878516
-0.752117
-0.595355
0.945136
0.914528
-0.802364
-0.301546
-0.969324
0.952241
0.838318
-0.161706
-0.482573
0.984201
-0.451139
0.406057
-0.861041
0.908852
0.069918
0.202638
0.517972
-0.398143
0.0650895
0.387253
-0.756579
0.533493
-0.940437
-0.173452
0.995146
-0.57421
-0.934179
-0.0249193
-0.863887
0.388858
-0.906865
0.94082
0.582152
0.575697
0.395466
0.495458
0.493369
0.33677
-0.67242
-0.146741
0.806093
-0.838031
0.825402
0.896608
0.457892
-0.0609845
0.484484
0.958001
-0.365355
0.36858
-0.773641
0.932237
0.484804
0.824979
0.854947
-0.804905
0.837525
-0.0774758
-0.541619
-0.509304
0.256124
0.0568475
0.951775
-0.606069
-0.50462
0.671798
0.511768
-0.986579
-0.0894533
0.84852
0.556963
-0.980045
0.0788974
0.691553
0.197709
0.059891
0.294989
0.879345
0.548207
-0.114894
-0.652056
0.778368
-0.423214
0.912043
0.380898
0.753129
0.165134
0.727742
-0.024151
-0.247595
0.913457
-0.851161
-0.463395
0.362176
0.538724
0.408277
-0.867959
-0.651841
-0.888942
0.9578
-0.255654
0.89119
0.600854
0.240457
0.43942
0.373253
0.969485
0.976393
-0.0590148
0.438906
-0.79582
-0.305587
-0.399462
0.198653
-0.807671
0.622306
-0.104222
0.902263
-0.367232
-0.303433
-0.62966
0.813679
-0.0158603
0.0802934
0.867283
0.543
-0.398694
0.879251
-0.398483
-0.0170171
-0.603362
-0.971555
0.750975
0.596106
-0.723291
-0.831277
-0.750382
0.565146
0.839174
0.664191
0.866011
-0.870223
0.920314
-0.652459
-0.883662
0.508468
0.473909
-0.56441
-0.40149
0.780548
0.988507
0.0684782
-0.452883
0.395344
0.0763351
0.277104
-0.0611556
-0.594585
-0.19857
-0.398392
0.542908
-0.214044
-0.95833
0.825578
-0.306863
-0.393654
0.699299
0.973909
-0.230899
0.866051
0.888996
-0.748027
0.127816
0.663029
0.694046
-0.807933
0.920738
0.995582
-0.139646
0.380254
-0.83388
0.796869
0.428908
-0.956482
0.927497
0.760257
0.662769
-0.464457
-0.874634
0.0226892
0.584842
-0.185395
-0.905933
-0.94945
0.464587
0.654915
0.939936
-0.313617
0.323147
0.792397
0.332403
0.783061
0.296082
-0.948886
-0.475667
0.368383
-0.230317
0.473453
0.0628297
0.470625
0.828946
-0.460736
0.478099
-0.987178
0.911293
0.582417
0.736298
0.85118
0.337047
0.410085
-0.358549
0.670416
-0.396247
0.00493237
0.63516
0.172407
0.800498
-0.923442
0.0976904
0.486412
0.406431
0.371021
-0.267359
0.949976
0.122144
0.425405
0.108404
-0.0612978
0.967887
0.786856
0.99559
0.878068
0.124541
0.858597
-0.620753
-0.455588
0.700067
0.988862
0.600696
-0.615797
0.745868
0.463047
0.920981
0.752223
0.328125
-0.564299
-0.301989
-0.579227
0.934412
0.860024
0.750343
0.986034
0.335201
0.726207
0.607634
0.251768
0.994742
-0.0812565
0.0236676
-0.848947
-0.988465
0.849557
-0.728675
0.925849
0.816696
0.656523
0.498558
0.805645
0.613782
-0.380792
0.639439
-0.321817
0.139661
0.454219
0.650274
-0.66847
0.225635
0.532244
-0.516826
0.787722
-0.587828
0.831964
-0.714903
0.204419
0.139652
0.337871
0.139189
0.986814
0.921227
0.255502
0.651623
-0.708188
0.184649
-0.302666
0.650468
0.620172
-0.637314
0.567584
-0.595902
0.931005
0.70499
-0.750632
-0.367086
-0.704024
0.459656
-0.965355
-0.610843
0.504508
0.682755
0.53187
-0.459952
-0.00748523
-0.997134
-0.0152906
-0.315452
0.286762
0.665036
0.854988
0.122795
0.552164
-0.955471
0.559087
-0.0244357
-0.226505
0.400032
0.803596
0.321225
0.420061
-0.701285
-0.278747
0.775216
0.1707
-0.925883
-0.311693
0.20922
0.436204
-0.873386
-0.94369
-0.278503
0.0177483
0.820259
0.445818
-0.0628871
0.712054
0.935817
-0.85245
-0.634379
0.721666
0.04978
0.734479
0.804393
0.386269
-0.327814
0.0999892
0.989833
0.695905
0.887949
0.220651
0.73649
0.547571
-0.429944
-0.582877
0.195183
-0.681869
0.868873
-0.527595
0.0567263
0.632916
0.0379702
0.709279
0.486931
-0.776387
0.774068
0.0269533
-0.869805
0.547825
0.865748
-0.266668
0.591585
0.627548
-0.300333
0.013279
0.390335
-0.468417
-0.921687
0.975344
0.519191
0.141908
-0.0534583
0.572294
0.0693341
0.618642
0.484392
0.812857
-0.491959
-0.318077
0.0734713
0.600479
-0.999979
-0.71346
0.940072
0.83479
-0.264067
0.716096
0.554181
0.0723906
0.03359
-0.786409
0.630286
0.145603
-0.458
0.544507
-0.593413
0.0998372
0.524979
-0.969028
0.665269
-0.0670036
-0.705136
0.93389
0.00609399
0.375127
-0.535414
0.775753
-0.470045
0.854849
-0.964782
0.35014
0.932354
0.759755
0.269391
0.237312
-0.60225
0.527338
-0.831281
-0.334694
-0.164488
0.810015
-0.918171
0.271152
0.720361
0.335949
0.34939
0.466708
-0.330466
0.846008
-0.994573
0.836757
0.386487
0.279803
0.789919
-0.924218
0.647618
-0.245324
-0.0395895
0.528742
0.397259
0.645279
0.343069
0.939458
0.925072
0.825145
0.618772
0.195839
0.134937
0.902557
0.918418
0.820551
0.740825
-0.479906
-0.0175814
0.117648
0.930152
0.396566
0.656068
0.557276
0.949022
0.375586
0.240783
-0.467771
0.0744299
0.973641
0.786938
-0.098179
0.197023
0.78539
0.161444
-0.109106
-0.570716
0.796017
0.361141
0.872277
-0.313009
0.740331
0.99748
0.520016
0.199376
0.989469
-0.228074
-0.698818
0.993074
0.930482
0.712822
0.56515
0.725368
0.427524
0.805011
0.989089
-0.0731174
0.940133
0.182401
-0.677457
-0.775738
-0.749395
-0.284502
-0.0802318
0.64661
-0.138974
-0.684315
0.738224
-0.0945781
-0.968018
0.819952
0.882767
0.170441
0.648271
0.0446961
0.718835
0.682704
-0.99412
-0.664559
-0.583061
0.513031
0.971112
0.361178
0.362716
0.529861
0.654865
-0.587715
0.869418
-0.0858624
0.906072
0.560176
0.252623
-0.537268
0.917615
0.944544
-0.782003
-0.886392
0.00718022
0.993353
-0.582933
-0.66935
0.740634
0.435761
-0.367399
0.116293
-0.874514
-0.299545
0.879081
-0.883922
-0.588236
-0.0734523
0.803459
0.649751
-0.219212
0.506018
0.614612
0.871212
0.0949983
0.736922
-0.745052
0.979082
0.0642214
0.985019
-0.611489
0.980889
0.761815
0.357885
-0.470111
-0.543829
-0.0574614
0.54463
0.858257
-0.110296
-0.131052
0.757521
0.391025
-0.89664
0.109645
-0.994608
-0.665943
-0.796119
-0.996934
0.741191
-0.0434111
0.419
0.711708
0.844419
-0.453574
-0.530269
0.989528
-0.334221
0.835682
0.424424
0.958952
-0.0519186
0.884531
-0.491328
0.274787
-0.661664
0.30819
0.957014
-0.866595
-0.579336
0.189902
-0.666088
0.0350416
0.856841
0.451732
-0.679337
-0.773579
0.951616
0.592962
0.617524
-0.141459
-0.819204
-0.904553
0.918586
0.897102
0.53329
0.16044
0.154962
-0.047207
0.867434
0.596124
0.592458
0.929801
0.469228
-0.722092
0.469319
0.738547
-0.887045
-0.456211
0.278764
-0.862401
0.58254
0.0417707
0.0136012
0.748433
-0.662052
-0.138399
0.930144
0.0547344
0.440108
0.809528
0.462115
0.992259
-0.137521
0.0100499
-0.361456
0.845626
-0.112262
-0.286338
0.809508
0.557926
0.783604
0.780605
-0.703192
0.295616
0.665055
-0.532012
0.438202
0.992051
-0.124276
-0.0974697
0.400877
0.91487
0.259075
-0.635877
-0.619387
-0.825461
0.572071
0.353859
0.832655
0.906692
0.258549
0.481682
0.924412
-0.713463
0.987492
0.932651
-0.817393
-0.00433064
0.717153
0.407932
0.142631
0.544308
0.928456
-0.485511
-0.79274
-0.662956
0.13715
-0.0817909
0.880622
0.901979
0.935905
0.0935462
0.651865
0.621404
0.285286
-0.614749
-0.263926
0.986999
0.433449
0.655441
0.894129
0.436251
-0.389922
0.947425
0.299744
-0.32597
0.556607
0.830127
0.413802
0.616071
-0.364706
0.898278
0.471866
0.700015
0.584453
0.687287
0.0510034
0.905121
0.851109
-0.101202
0.78688
-0.33665
0.0763202
0.971696
0.411944
0.535261
-0.804934
0.982509
0.011593
-0.41048
0.229344
-0.583303
-0.88717
-0.80169
0.980169
0.431035
-0.925453
0.94236
0.542738
0.113832
-0.681814
-0.946414
0.920523
0.486029
-0.0828287
-0.812417
0.791192
0.947181
-0.429442
-0.780073
-0.63915
0.00500249
0.646412
0.693473
0.429548
0.886714
-0.363036
0.636087
0.45011
-0.226116
0.867282
0.0990852
-0.709018
-0.149839
0.371786
0.569739
-0.0530238
0.376152
-0.975965
-0.812725
-0.744395
0.962191
-0.0721252
-0.326358
-0.363043
0.56264
0.751374
-0.904666
0.806133
0.708626
-0.841717
0.0806039
-0.631521
0.938783
0.811498
0.666519
0.0398051
0.125729
0.327033
0.262302
-0.0725764
0.903494
-0.670004
-0.170329
0.0161355
-0.944181
-0.154952
0.598628
0.788624
-0.0819098
0.823255
0.9437
-0.165876
0.723837
-0.705278
-0.479812
0.120742
0.425146
-0.236418
0.914974
0.834907
0.625914
0.273472
0.037771
0.903892
-0.901318
0.585502
-0.186389
0.389939
-0.554478
0.198313
0.766553
0.798135
0.826138
0.201552
-0.471882
-0.531169
-0.153773
0.739572
-0.698933
-0.363024
0.251765
-0.0776198
-0.319448
-0.572859
-0.433323
0.350051
0.789212
-0.516914
0.246349
0.906963
0.882998
-0.400539
0.482108
0.315778
-0.0900773
0.902365
0.20657
0.734207
-0.226313
0.59314
-0.924404
-0.488648
0.878596
0.24759
0.759204
0.720644
0.173708
0.958398
0.919429
0.52738
-0.319735
0.263956
-0.825232
-0.866596
-0.427647
0.0904365
-0.368495
0.270552
0.116944
-0.160781
-0.939748
-0.305182
0.109389
-0.252771
0.491406
-0.0414133
-0.751452
0.890485
-0.11415
-0.620478
0.939076
0.856696
-0.9497
-0.00393487
0.821887
-0.758675
0.802367
0.84142
-0.0665596
-0.00259168
-0.526091
-0.985926
0.527244
0.21212
0.76044
-0.717879
0.995618
-0.623192
-0.232746
-0.226482
-0.584156
0.677688
-0.61123
0.475317
0.911704
-0.813278
-0.951535
0.776831
0.429039
0.553787
0.487291
0.863229
0.846938
-0.338046
0.401902
-0.8805
0.152735
0.918441
0.115266
-0.212306
-0.415793
-0.453443
0.741651
-0.565366
-0.809822
-0.99429
0.743049
0.807437
0.679256
0.77578
-0.486622
-0.719368
-0.860237
-0.218773
0.403918
0.741469
-0.727469
0.605475
0.837387
-0.236776
0.98966
0.815764
0.0737841
-0.254884
0.791021
0.401849
0.160011
0.728114
0.678698
-0.876204
-0.723634
0.778233
0.798269
0.714207
0.593628
0.983376
-0.368883
0.977798
0.897462
0.732905
-0.129118
0.0670504
0.145661
0.67261
0.853749
0.848727
-0.858502
-0.442682
-0.924871
0.720107
-0.851265
0.762309
-0.626174
0.600506
-0.784684
-0.986749
0.602171
-0.414657
0.239747
-0.411364
0.576539
0.410746
-0.884132
-0.594699
0.51519
0.590266
-0.117169
0.734081
0.992603
0.76944
-0.813295
-0.919848
0.781305
0.389185
-0.515507
-0.921626
0.023078
0.636976
-0.869373
0.0146229
0.500386
0.685932
0.76849
-0.831648
0.610082
0.385661
0.0329725
-0.311267
0.735727
-0.873351
0.85761
-0.453087
0.534716
-0.525238
0.720351
-0.426962
0.791656
0.407753
-0.140593
0.57519
-0.0224943
0.409381
-0.981763
0.43616
0.982861
-0.398935
0.816729
-0.721249
-0.194045
-0.674918
0.727942
0.492413
-0.0741727
0.745484
-0.29233
0.516461
0.408686
-0.855344
0.49186
-0.530143
0.782951
-0.150097
0.262825
0.0128919
-0.669578
0.600098
0.27191
0.817923
0.56244
0.374076
0.874168
-0.76247
-0.141914
-0.688085
-0.121785
-0.787784
-0.707475
0.190607
0.886331
0.955593
-0.0643576
-0.925167
0.841328
-0.323529
0.742557
0.455687
-0.0306249
-0.0677783
0.950088
-0.160377
0.0548483
0.233196
-0.820233
-0.572951
0.269665
-0.072174
0.366466
0.960184
0.0682929
0.887598
0.900939
-0.0576445
0.501176
0.577881
-0.41623
0.36966
-0.608932
0.393524
-0.94307
0.831644
-0.645671
0.943608
0.843716
-0.214524
-0.343628
0.909555
0.16793
0.85669
-0.556061
-0.080767
-0.234564
-0.156037
-0.0397146
-0.0195219
0.0858538
0.654646
-0.989
-0.965201
0.969698
-0.556992
0.898327
0.432652
0.0916147
-0.949626
0.731507
0.267323
0.823951
0.623635
0.649349
0.685962
-0.936703
-0.913265
-0.88597
-0.527118
0.787347
0.641145
0.70342
-0.608612
0.0323726
0.753207
-0.477634
0.891189
-0.946142
-0.324097
-0.984158
0.847539
0.774589
-0.144678
0.421085
-0.753319
0.115306
-0.832879
0.951828
0.457359
0.783883
0.359231
0.712
-0.125717
0.561308
-0.918132
-0.00175552
0.699695
-0.702799
-0.262243
0.911056
-0.0291227
0.944882
0.569497
-0.152187
0.304437
0.949085
-0.338372
0.796184
0.78746
-0.521429
-0.309127
0.0836546
0.611736
0.975176
0.754748
0.401866
0.700448
0.83741
-0.00790379
0.874576
-0.944814
0.812553
0.515157
0.92663
0.910615
-0.97518
0.948248
0.813574
0.700025
-0.32855
0.707518
-0.932844
-0.997698
-0.568772
0.157643
0.0676497
0.0622257
0.0322135
0.910899
-0.880669
0.80859
0.782656
0.898647
0.99605
0.0604715
-0.084328
-0.615596
-0.362448
-0.190433
0.742789
-0.80826
-0.483937
0.806863
-0.357025
0.610479
0.0308915
0.296242
0.908631
-0.223177
0.85496
-0.202061
-0.0440493
0.0596007
0.408121
-0.565534
0.147136
0.489151
-0.306503
-0.925546
0.223998
0.943974
0.222804
-0.87442
0.740562
0.830624
0.23236
-0.911257
0.983371
-0.0415702
-0.523628
0.942203
-0.550447
-0.921196
0.943423
0.149464
0.263228
0.269868
0.699978
-0.15857
-0.667899
0.832757
-0.129331
-0.708505
0.674721
0.259335
-0.535971
0.888704
0.286487
0.859099
-0.262465
0.00281621
-0.0278056
0.0907227
0.0577028
-0.779141
-0.514039
0.374793
-0.317123
0.941937
-0.375009
0.122081
-0.610299
0.896221
0.948742
-0.668698
-0.533743
-0.275497
-0.917498
0.943332
-0.464409
0.0575869
0.499433
0.722319
-0.903959
-0.380322
0.475337
0.900143
0.907722
0.231879
0.379205
-0.965753
0.483903
-0.866468
-0.765412
0.326366
0.840552
0.168501
0.164938
0.720553
0.140622
-0.535147
-0.703377
-0.0141944
0.800721
-0.53858
0.454446
0.558673
0.36285
0.723049
0.653787
-0.764921
0.954314
-0.346301
-0.27899
0.790331
0.376976
0.783324
-0.700693
0.239038
-0.484162
-0.698816
-0.703482
0.419728
-0.300865
0.511176
0.746625
0.599893
0.953479
0.686397
0.777445
0.643705
0.783405
0.247933
-0.175209
-0.572797
0.820684
-0.937117
-0.759395
0.186861
0.947999
-0.898714
-0.733355
0.281341
-0.975072
-0.508974
-0.831404
-0.278621
-0.413283
0.771587
0.439933
0.967539
0.971722
0.689746
-0.897644
-0.3809
0.38484
-0.422911
0.463711
0.882779
0.369447
0.318955
0.869631
-0.980286
0.0292041
0.30368
0.218002
-0.52675
0.492346
0.280867
0.0763786
0.644999
0.600764
-0.203944
0.931154
0.727723
-0.992855
0.77804
0.391472
0.941754
-0.257189
0.426658
-0.117054
0.918332
0.245491
0.379009
0.676448
0.23095
-0.802865
0.60297
0.698319
0.548085
0.83041
0.0589222
0.103591
0.770971
0.70492
-0.500308
-0.148666
0.911517
0.907387
0.772311
0.0645703
0.639263
0.491247
0.592171
0.138226
-0.981686
0.935106
0.40724
0.884526
0.96269
-0.929102
0.667127
0.931824
0.15009
0.0637093
0.662735
0.878655
0.620207
0.985728
0.563854
0.871771
0.737146
0.119362
0.477966
0.663798
0.545176
-0.235118
0.0532847
0.867937
-0.694581
-0.54464
0.891149
0.507458
0.492325
-0.667287
-0.951057
0.188572
0.594166
-0.0393255
0.673276
0.47227
0.82893
-0.733347
0.282843
0.202941
-0.523566
-0.470404
0.420643
0.557192
0.262157
-0.531369
0.475089
0.520795
0.505858
-0.55965
0.566144
-0.430442
0.614853
0.712401
0.216369
0.482349
0.224221
0.983111
0.497894
-0.971036
-0.187609
-0.338048
0.740222
0.620823
0.0115572
0.112217
0.831897
0.896843
-0.674287
0.801422
0.426899
0.994034
0.69175
-0.58205
0.854869
-0.0490219
0.93913
0.278448
-0.878704
-0.0355541
0.638222
0.789467
-0.670302
-0.1874
-0.941981
0.60572
0.0667163
-0.45865
0.169296
0.840956
-0.876779
-0.771138
0.474448
0.59658
0.700954
-0.676009
-0.209882
0.316897
-0.268444
0.862175
-0.0289622
0.309008
-0.896817
0.580932
0.114272
0.794174
-0.978397
-0.0229632
-0.68364
0.858271
-0.0712373
-0.333525
0.548728
-0.393669
-0.452037
-0.726308
0.501273
-0.816107
0.808632
0.298159
0.770925
-0.813107
0.986821
0.61791
0.414567
-0.958321
0.105804
0.784389
0.610223
-0.191664
0.819787
-0.645519
-0.820254
0.565896
0.216386
-0.00627818
0.33327
-0.00581435
0.789845
0.271348
0.834821
0.729497
-0.0101299
0.934271
-0.992715
0.503827
0.72406
-0.552692
0.479833
0.566489
-0.155096
-0.609279
0.0296902
0.948485
-0.537565
0.905811
0.921746
0.11209
0.44598
0.817392
0.990031
0.427525
0.846441
-0.401091
0.926147
0.147681
0.409147
-0.668821
-0.676099
0.777645
0.68406
-0.345351
-0.747525
0.604409
0.993592
0.0333717
0.387248
-0.709172
0.865776
0.183391
0.994037
-0.0871437
-0.666184
0.750147
-0.0977135
0.190464
-0.876942
0.806106
0.512258
0.738051
0.986301
-0.283058
-0.305056
0.460106
-0.806711
0.39723
0.55252
-0.0154464
-0.591128
-0.165707
0.357472
-0.335011
0.372482
-0.282559
0.481266
0.838769
0.876245
0.513079
0.844845
0.835292
-0.85134
0.570501
0.967704
-0.877635
0.0859195
0.6208
0.827086
0.283236
0.66611
0.702574
-0.0154481
-0.967913
0.619695
-0.157795
0.282695
0.961594
0.804242
0.748297
0.915811
0.976764
0.856797
0.838853
-0.640726
0.0385397
0.915735
0.852089
-0.245044
0.858001
-0.191241
-0.49201
-0.874324
0.225317
0.988508
-0.373362
-0.685967
-0.9911
-0.850795
0.5293
-0.730611
0.766234
0.931161
-0.946425
0.117646
-0.427298
0.179022
-0.353028
0.824216
0.0535812
0.643728
0.267143
-0.823352
-0.69065
-0.935749
0.204525
0.579179
0.26994
0.528425
-0.164175
-0.270898
0.52092
0.962644
0.720306
0.745342
-0.0580447
-0.103388
-0.157408
0.407521
0.770429
0.853401
0.680693
0.747764
0.79289
0.371791
0.107281
-0.240646
0.680301
-0.56724
0.261044
-0.959352
0.251585
0.674503
-0.419337
0.0249565
0.229998
0.79481
0.918443
0.737234
0.0108187
0.733466
-0.718444
0.449832
-0.310451
0.55086
0.290004
0.956419
0.773314
0.503866
0.397385
0.316453
0.698221
-0.0561497
0.247535
-0.869996
-0.495257
-0.97813
0.499147
0.91927
0.876221
-0.518815
0.883257
0.0966557
0.784839
-0.0258361
-0.901885
-0.0854127
0.494883
0.940163
-0.450152
0.695556
-0.672976
-0.242172
-0.566851
-0.773263
0.906924
0.292378
-0.724874
-0.710717
-0.563594
0.362391
-0.717119
0.519365
0.70815
-0.371314
0.771866
0.0146823
0.125949
-0.977426
0.135818
-0.129865
0.962395
0.861575
0.797527
-0.888966
0.877206
0.833172
-0.211502
0.359382
0.97765
0.591016
0.715301
0.0172595
0.186496
-0.759482
0.936633
0.413444
-0.0528054
0.962587
-0.768857
-0.807843
-0.27627
0.778011
0.887685
0.331427
0.365676
0.725194
0.693725
0.268858
0.782184
-0.461397
-0.818336
-0.512347
0.841864
0.639741
0.676542
0.651552
0.792331
0.0516393
0.451662
0.941835
0.891354
-0.61177
-0.604422
-0.405578
-0.845076
0.746903
-0.750591
0.740818
-0.69371
0.676011
0.865573
0.398768
0.49105
0.3984
-0.854353
0.30036
0.770099
0.796629
0.111353
-0.66421
0.194554
-0.266547
0.421835
0.353104
0.393062
-0.814427
0.535056
0.961922
0.520607
0.477615
0.949009
-0.0097141
0.326968
0.528506
0.605488
0.375866
0.397999
-0.11577
-0.683153
0.414071
0.898716
0.255349
0.300096
0.419666
-0.158294
0.259894
0.848735
0.809975
-0.542978
-0.30373
0.580298
-0.00345202
-0.928505
-0.539545
0.165492
0.0700057
-0.927599
0.947577
-0.166527
0.947212
0.74796
0.696407
0.737475
-0.494722
0.630715
0.704965
0.916747
0.617425
0.850379
-0.897273
0.46685
0.435292
0.534619
-0.0897159
-0.940054
0.639828
-0.969465
0.997848
0.994446
0.841777
-0.677025
0.778106
-0.240742
-0.969556
0.513841
0.734677
0.48922
0.446778
-0.0473569
-0.705133
0.524253
0.423003
0.978235
0.294525
-0.400869
0.189868
0.310998
0.84441
0.411279
0.910427
-0.812235
-0.326873
-0.67418
0.96104
-0.629909
0.963258
-0.883838
0.410508
-0.107876
0.686355
-0.22316
-0.493301
-0.420353
-0.085506
0.973492
-0.914652
0.280036
0.599062
0.874948
0.725102
0.0639672
-0.40686
-0.219799
-0.326156
0.613322
0.833141
0.655547
0.717553
-0.0980518
-0.360579
0.867413
0.658415
0.821313
0.662208
-0.747139
0.11309
-0.826464
0.486023
0.96908
0.982237
-0.0351527
-0.535721
0.809099
-0.615324
0.750313
0.704454
-0.491987
0.925143
-0.984931
0.155738
0.907402
-0.31511
0.639934
0.285708
-0.370249
-0.283768
-0.954714
0.87819
0.7628
0.860951
0.897483
-0.826425
-0.836152
0.318659
0.94683
0.860994
0.862538
0.787862
-0.974456
0.938116
0.337642
0.971625
0.853214
0.950706
-0.405071
0.816951
-0.45208
0.83725
-0.154495
0.898176
0.704578
0.0353337
-0.260249
0.946349
-0.417072
0.87059
-0.825269
0.459643
-0.963943
0.638065
0.81755
0.616924
0.477165
0.564729
-0.559276
0.992049
0.132606
0.631519
-0.0926396
-0.179326
-0.819463
0.983992
0.848479
0.982664
-0.784946
0.232492
-0.7542
0.172049
-0.245582
0.0902704
0.868542
0.247114
-0.544245
0.836687
-0.0389133
0.767067
0.701376
0.612612
0.146528
0.83852
0.841036
-0.684456
-0.900916
-0.108421
0.336007
0.955717
0.928762
-0.750172
0.766798
-0.66203
-0.407507
-0.653372
-0.917708
-0.0672053
-0.40108
0.404503
0.4284
0.465039
0.160887
0.447096
0.508625
-0.958619
-0.724603
0.546676
-0.054243
0.847664
0.483089
0.91554
-0.972275
-0.656453
0.49715
0.745252
-0.958654
0.467999
0.899505
-0.753443
0.575844
-0.0110608
-0.388996
-0.498183
0.715839
0.515222
-0.770081
0.697367
0.54502
0.0420919
-0.329819
0.903842
0.750018
-0.176671
0.715191
-0.05884
0.175347
0.141802
0.587699
0.243231
0.266996
0.558874
0.961103
0.655139
0.723097
0.237515
-0.774331
-0.231979
0.485366
0.426616
-0.627866
0.539235
0.274719
-0.199844
-0.836102
0.0664039
-0.208072
0.924068
-0.723827
0.489615
0.932136
0.977258
0.240776
0.933785
0.811952
-0.687192
0.516772
-0.554096
0.71825
-0.96113
-0.0395154
-0.473219
0.358009
0.256385
0.0412268
-0.957795
-0.89704
0.973323
-0.851508
0.701038
0.133788
0.424883
0.323606
0.306807
0.566881
0.428782
0.220421
0.793997
0.623375
0.994552
0.452998
0.963607
0.324065
-0.907601
-0.226108
0.789385
0.384005
0.428522
-0.795184
-0.662532
0.355022
0.353596
0.946142
0.280824
0.925938
-0.118407
-0.992925
-0.707481
-0.30448
0.0512516
0.912457
-0.46888
-0.814936
-0.0463329
0.44364
-0.742444
0.774117
0.830194
0.185274
0.715249
-0.465278
-0.491946
-0.234144
0.178702
0.302205
0.964057
-0.0375025
0.996939
0.835392
-0.993983
-0.242511
-0.978288
0.788551
0.813269
0.0794235
-0.253171
0.904477
-0.320009
0.295369
-0.665186
0.989327
0.0942708
0.953584
-0.466247
-0.0892278
0.664774
-0.25421
-0.182025
0.57026
0.981729
0.815327
0.689638
0.512844
0.428896
-0.743105
0.744389
-0.49953
-0.144703
0.881483
-0.28104
0.805238
-0.903211
0.726494
0.969145
0.134382
0.156473
0.198827
-0.764567
-0.0546272
0.593849
0.567851
-0.714423
0.00640082
0.918935
0.401234
0.469478
0.75383
0.8403
-0.146874
0.228099
0.986102
0.0444911
0.809247
-0.837487
0.862215
-0.901744
-0.243221
0.393683
0.41115
0.343419
0.919374
0.85915
0.32747
0.470816
0.917126
-0.427463
-0.897399
-0.725412
-0.971183
0.895262
-0.210197
-0.454039
0.822478
0.445443
-0.597024
0.0807155
0.491397
0.387351
0.898379
0.555219
0.494199
0.672905
0.618408
0.66609
-0.774566
-0.452968
-0.0978447
-0.923784
0.937688
0.46096
0.928003
0.0380973
0.810566
0.621466
0.733152
0.893256
0.908279
0.875124
0.932704
0.843187
-0.852595
-0.15447
0.954382
0.746324
0.890583
0.927406
0.962647
-0.200574
-0.915057
0.201042
0.968031
-0.532077
0.927456
0.437164
-0.0951969
0.658307
-0.0813533
0.871202
0.987604
0.122556
0.649036
0.067796
0.47487
0.749889
0.991174
0.647538
0.355938
-0.767026
-0.651405
-0.509251
0.333506
-0.296102
-0.816762
-0.365673
-0.22903
0.635958
0.437082
0.951042
0.702912
-0.881835
0.87681
0.464678
0.483941
0.697635
-0.718238
0.0122854
-0.995375
0.546792
-0.221493
-0.543323
0.0415938
-0.939081
0.489884
0.966133
-0.977348
0.967615
-0.0790882
0.46707
0.738251
-0.584562
0.242375
0.974153
-0.255373
0.521332
0.464154
0.0787752
0.923314
-0.879441
0.819988
-0.160383
-0.533542
0.392371
-0.0776345
-0.233117
-0.276572
0.455782
-0.0172356
0.858015
0.423231
0.746299
-0.282451
0.85117
0.935364
0.659105
0.701156
0.920209
0.719802
0.499895
-0.0478506
0.485023
0.866313
-0.822771
0.202731
-0.59364
0.906681
0.344366
0.849658
0.942717
0.722989
0.988691
-0.269936
-0.912123
0.543413
0.785257
-0.702453
-0.249311
0.0764307
-0.0886115
-0.559912
-0.29985
0.036038
-0.711728
-0.84259
0.8009
-0.658011
0.543277
-0.111751
-0.879852
0.929053
0.300431
0.681327
0.407949
0.402581
0.136415
-0.881749
0.843838
-0.0958832
0.317983
-0.349898
0.938322
0.814356
-0.782835
-0.448322
0.934328
0.287536
0.87845
0.918401
-0.202871
0.0598239
-0.0532261
0.780985
0.707282
0.983451
0.528169
0.83477
0.107642
0.308156
-0.12537
-0.127105
-0.668188
0.309618
0.453888
-0.67474
0.123668
-0.906137
-0.524499
-0.170175
-0.472021
0.261992
0.511895
-0.061473
0.736046
0.135987
-0.288404
-0.684579
-0.997588
0.618899
0.927747
0.258565
-0.622649
0.800445
0.998564
0.689354
-0.932694
0.534618
0.684349
0.477525
-0.846828
-0.529215
0.100437
0.875238
-0.714182
0.701082
-0.783437
-0.458163
0.893763
0.554821
0.807773
-0.881205
0.975627
-0.86613
0.974948
0.151228
0.910441
0.0363292
0.439103
0.598186
0.856586
-0.0796219
0.249645
-0.387916
0.407373
-0.821404
-0.736426
-0.718021
0.359753
0.995059
-0.517126
0.815674
-0.813612
0.702787
0.916998
0.859164
0.565435
-0.896617
-0.622464
0.755341
0.220115
-0.278261
0.237811
0.978324
0.399016
0.935876
0.784159
0.0345915
-0.407345
0.773852
0.785931
0.567217
0.39913
0.877285
-0.0968747
-0.635702
-0.808314
-0.437898
0.799635
0.101653
0.800663
-0.569517
0.902674
0.666726
0.899403
0.124511
0.914963
-0.0795719
0.595639
0.155944
0.288549
-0.703448
0.980544
0.642675
-0.503753
0.83379
0.480765
0.511731
0.776739
0.613394
0.870054
0.975702
-0.352967
-0.232709
0.125218
0.81489
-0.596922
-0.0881475
-0.0210375
0.998103
-0.247461
-0.943106
-0.0118741
-0.619251
0.96086
-0.947629
0.406238
0.782561
0.518177
-0.997919
0.704633
-0.842785
0.763517
0.526207
0.655305
0.881572
0.069861
0.709489
-0.677227
0.695202
-0.707483
0.797572
0.875256
0.804654
-0.888583
0.250174
0.431164
0.381957
-0.912314
0.57533
-0.133128
0.598822
0.266689
-0.106632
0.17645
-0.408435
-0.465189
-0.776495
0.137579
-0.972368
0.398156
0.36127
-0.89361
0.940719
0.666211
0.221986
0.964542
-0.761437
-0.509514
-0.101668
-0.277524
-0.0617571
0.76276
0.358479
0.0692489
0.826023
0.829167
0.746098
0.46977
-0.713134
0.634321
0.840019
0.196366
0.32291
-0.302007
-0.84178
0.995992
-0.100697
-0.635735
-0.595254
0.712353
0.679063
0.63972
-0.257676
0.667315
-0.5458
0.828423
-0.200954
-0.19019
0.796567
0.380355
-0.834847
-0.110526
-0.311637
0.449204
0.297175
0.135326
0.394504
0.312048
0.0130226
-0.803163
0.250606
0.268662
-0.63678
0.541996
-0.680688
-0.297298
-0.840909
-0.501276
0.855571
0.205967
0.702276
0.210667
0.921062
-0.225773
0.397829
0.91081
0.212888
0.849842
0.743739
0.183396
0.218824
0.833937
0.606593
0.467189
-0.732823
-0.833996
-0.483255
0.395662
0.532218
0.564353
0.281815
0.566694
-0.0751236
0.904418
0.702941
-0.570025
-0.168779
-0.933456
-0.829756
-0.977546
-0.488727
-0.336429
-0.344769
-0.597904
0.754798
-0.271375
-0.996239
0.187204
0.907807
0.664058
-0.845814
-0.694594
0.437559
-0.213621
-0.9699
-0.764407
-0.89439
0.390247
0.618511
-0.493101
-0.0137612
0.930879
0.915085
-0.89551
0.432571
0.922936
0.547521
0.424883
0.962283
0.510863
-0.813303
-0.987173
0.931477
-0.922626
0.0669607
0.308067
0.758803
0.935824
-0.0866011
0.768856
-0.669999
-0.68683
0.240771
-0.312349
-0.830761
0.75232
0.442478
0.9593
0.0237574
0.0946819
-0.808158
0.813867
0.378013
-0.93583
-0.698544
-0.652568
0.0894711
-0.36149
-0.000434417
-0.570098
-0.755373
-0.650091
0.802567
-0.754394
-0.597589
0.665544
-0.04816
0.470869
0.753494
0.891521
0.441537
0.895439
0.00345107
-0.0201082
0.54193
0.594598
0.99647
0.573005
0.462226
0.636929
0.74968
0.59862
0.222387
0.36084
0.471375
0.440798
0.549459
0.986752
0.015109
0.904028
0.979863
0.222998
0.182885
-0.764676
0.91708
0.101744
-0.736628
-0.957053
0.848873
0.477628
0.718816
0.257832
-0.982707
0.82368
0.750068
-0.422026
0.21419
0.372213
0.539518
-0.487463
0.750541
0.570345
0.646816
-0.155844
0.433325
-0.00531237
0.0547907
0.614395
-0.774031
0.054005
0.844751
0.608981
0.464056
0.49783
0.54068
0.76625
0.624562
-0.204047
-0.325394
0.612725
0.91508
0.348425
0.808628
-0.798452
0.86618
0.807719
-0.319886
-0.24074
0.868106
0.483741
0.385137
0.657467
-0.42719
0.590586
0.610317
0.610441
0.0329093
0.941748
-0.72889
0.751802
0.788443
-0.751412
0.932364
0.298024
-0.867421
-0.821101
0.764579
-0.568885
0.665538
0.0462631
0.149497
-0.526668
0.406616
0.0627391
0.716339
-0.36004
0.793727
0.19391
0.376135
0.704386
-0.517989
0.885729
0.851764
-0.0806931
0.249977
0.73883
0.70564
-0.640826
0.599444
0.968204
0.399835
0.619205
0.977623
-0.760911
0.681456
-0.936542
0.0208492
-0.94993
-0.529871
0.907993
0.791404
0.643955
0.914703
-0.814312
-0.813816
0.342361
0.468331
0.360941
0.868926
-0.364293
-0.509036
-0.680385
-0.943319
0.716595
-0.591137
0.993042
0.76891
-0.386905
0.640519
0.0304975
-0.146925
0.341305
0.0783848
0.856398
0.952964
-0.740943
0.246608
0.638838
-0.690116
-0.650174
0.716693
0.762085
0.664199
-0.278134
-0.884057
0.0991521
0.501087
0.421473
0.574506
-0.0374824
-0.293757
0.812393
-0.46744
0.940501
0.99034
0.845599
0.0208467
-0.33158
-0.386925
0.973333
0.151474
-0.584913
-0.628151
-0.510482
0.820651
-0.89815
0.592889
0.266595
-0.964026
0.5046
0.857438
-0.544058
-0.830704
-0.300336
-0.585672
0.914286
-0.998135
0.804393
0.34556
0.904147
0.734943
-0.321564
0.059111
0.949148
0.00897543
-0.381478
-0.621115
0.64548
-0.6292
0.866217
0.78077
0.0111415
-0.823484
0.545123
0.939946
-0.836986
-0.737002
0.228185
0.990453
0.869781
0.589934
0.755778
-0.276037
-0.0483378
-0.907244
0.920887
0.323778
0.850279
0.833046
0.737977
-0.56782
0.504328
-0.247109
0.0489568
0.53065
-0.782743
0.299906
0.679555
0.989842
0.144526
0.514118
-0.508764
-0.259515
0.88501
0.374938
0.761784
-0.852673
0.85723
-0.548298
0.233109
0.999927
-0.297303
0.175649
0.453107
0.200162
-0.56265
-0.534864
0.306993
-0.577128
0.385358
0.29304
0.080517
-0.993088
0.853208
0.836651
0.844627
0.196533
0.825631
0.684413
0.847073
0.98072
-0.561068
0.0926428
0.158384
0.997649
0.345899
0.430296
0.481992
0.783673
-0.411983
0.585493
-0.301166
0.514013
-0.254986
-0.866482
0.633706
-0.7433
0.382173
0.17622
0.078674
0.899714
0.331916
-0.893557
-0.581375
-0.446479
0.70856
0.233796
-0.622371
0.994912
-0.596746
-0.636439
0.823294
-0.388733
0.434543
0.472444
-0.239163
-0.0879683
0.051799
0.999785
-0.182739
0.664997
0.377598
0.201631
0.998233
0.729303
-0.52195
-0.42266
-0.785729
0.247386
0.992968
-0.0311174
0.343378
-0.424163
0.967376
0.94464
0.938759
0.429364
0.863926
0.31278
0.38738
-0.999982
0.494337
0.784546
0.363406
-0.64663
0.476451
0.729147
0.684787
-0.171072
-0.415299
0.35882
-0.874746
-0.642644
0.0346882
0.955726
-0.617608
0.762607
-0.36513
0.527953
-0.0653821
0.817703
-0.75539
0.406909
-0.665848
-0.0423836
-0.68482
0.656777
-0.735284
-0.685959
-0.67106
0.343338
0.906319
0.443197
0.520555
-0.56702
0.855952
0.17822
-0.26012
0.60801
-0.0604729
0.142667
0.119266
0.9815
0.313117
0.0062932
0.562494
0.41657
0.548225
0.292445
-0.106722
-0.236612
-0.943812
-0.737098
0.0328031
0.970834
-0.794763
0.922484
-0.299091
0.134577
0.433218
0.963768
0.965388
-0.220406
0.362428
0.420571
0.876779
0.98707
0.0732479
0.887421
0.351448
0.245437
0.992497
0.170826
-0.382924
-0.55476
-0.905011
-0.958628
0.815825
-0.96107
0.568768
-0.38749
-0.116554
-0.0503914
0.46361
0.653348
-0.787895
0.98965
0.844451
-0.922675
-0.975421
0.626879
0.837568
0.556685
0.816984
0.962308
0.993359
-0.578399
0.10634
0.972886
0.942924
-0.831989
-0.642651
-0.751419
0.718682
0.998126
-0.993674
0.0184532
0.746287
0.0312624
0.925471
-0.08835
-0.503681
0.683351
-0.14643
0.832179
0.2763
0.869638
-0.388238
0.466464
0.111859
0.250613
0.00182266
0.547973
-0.761767
0.904048
0.527707
-0.722281
0.617804
0.397239
0.33868
0.751848
-0.58721
0.764732
-0.889976
0.867521
-0.350729
0.632505
0.858104
0.227124
-0.569357
-0.832473
-0.0938083
0.928604
0.57875
-0.617367
0.7699
-0.0888245
-0.734964
-0.742623
0.470419
0.588206
-0.185077
0.772434
-0.601554
0.701483
-0.788071
0.229143
0.755589
0.944677
0.101062
-0.709833
0.751861
-0.377715
0.93415
0.99354
-0.103183
0.85108
-0.543334
0.408053
-0.410096
0.455304
0.0202022
-0.345678
0.238826
0.954829
-0.645185
0.814658
0.556825
-0.382418
0.861179
-0.58871
0.353377
0.342805
0.015406
0.0157975
-0.670143
-0.378191
0.488935
0.973705
-0.687261
0.426394
0.391069
0.24653
0.411705
0.677284
0.488718
0.0243121
0.713633
0.419461
-0.944889
0.183495
0.937175
-0.563014
0.895787
0.887592
0.746407
0.857922
0.0918428
-0.930752
0.919097
0.721259
0.935604
-0.14537
0.616531
0.811543
0.895615
0.95597
0.613299
0.747634
0.241101
0.0669062
0.275419
0.158587
-0.966295
0.393335
0.158304
0.627922
-0.526321
0.934071
0.510105
0.813767
0.860155
-0.962784
0.123619
0.518523
-0.578467
0.0457436
0.91626
0.791323
0.239633
0.441224
-0.18977
-0.994713
0.859238
0.600763
0.56939
-0.0592031
-0.204998
0.392821
-0.682352
0.357448
0.117492
-0.470556
-0.781392
-0.668184
0.309294
0.888463
0.574765
0.594838
0.450708
-0.955636
-0.846307
-0.901229
0.273937
0.704075
-0.691159
0.799727
0.716477
0.647857
0.943506
0.890179
0.504568
0.545854
0.301099
-0.601366
0.532721
0.768802
0.425383
0.897248
0.252731
-0.15576
0.26789
-0.780246
-0.157398
0.334866
0.914227
0.937178
0.951433
0.683995
-0.260921
0.355137
-0.115977
0.825913
0.849043
-0.636573
0.610456
-0.0730523
0.582062
0.455086
0.612832
-0.780571
-0.294044
0.695829
-0.55152
0.486312
-0.83961
-0.857906
-0.201022
-0.537169
-0.859418
0.757499
0.156831
0.015022
0.854355
0.977586
0.800883
-0.398042
-0.0687436
-0.386092
0.498604
-0.970447
0.616761
0.583746
0.0194498
0.459795
-0.144166
0.692626
-0.481968
-0.950049
0.846092
-0.427296
-0.51841
-0.515106
0.627813
0.896911
-0.402627
0.713358
0.812283
0.953552
0.943235
-0.967021
0.804351
0.75498
-0.145041
0.635583
-0.602388
-0.673098
0.0768219
0.94011
-0.435883
0.492483
-0.0423279
0.691431
-0.219545
-0.520658
0.963756
0.386235
-0.811628
0.768294
-0.693515
-0.857256
-0.837712
-0.641514
0.539415
0.988051
0.778017
-0.381723
0.621011
0.694736
0.536773
0.785264
0.674604
-0.270245
-0.845006
0.165704
-0.865774
-0.515853
0.216352
-0.709636
-0.943512
-0.900944
-0.638754
-0.728161
0.159581
-0.611393
0.506719
0.397214
0.764325
0.839491
-0.634515
0.849569
-0.531854
0.801984
-0.468867
-0.179236
0.74528
0.948952
0.201828
0.883031
0.871029
0.616868
-0.25182
-0.882109
-0.0315345
0.844643
0.144959
0.802726
-0.644712
0.592723
0.498855
0.726167
0.0556074
-0.914211
0.86874
-0.998372
0.953643
0.121924
-0.141863
0.172231
0.447119
-0.907209
0.402583
-0.907717
0.387103
-0.936658
-0.466001
0.931308
-0.601126
0.787256
-0.824399
-0.722017
0.135407
0.181991
0.22061
-0.629677
-0.914288
0.58495
0.320012
0.542499
0.420091
0.86594
-0.472649
-0.909323
-0.60262
0.258873
0.972554
0.966504
0.492568
0.328832
0.320503
-0.474123
-0.0619724
-0.879199
0.518833
0.724106
0.987579
0.168537
0.661772
-0.41126
0.898353
0.748639
0.859211
-0.0697727
0.761457
0.71863
0.867013
-0.367076
0.0285794
-0.668496
-0.99471
-0.386171
-0.635626
0.489829
-0.856824
0.910974
0.97328
0.788301
-0.218133
0.664536
-0.108856
0.854431
0.855984
0.093407
-0.912623
0.997349
-0.199766
0.262553
-0.0236204
-0.036662
-0.18761
-0.480885
-0.647811
-0.97956
0.131244
0.453997
-0.844819
-0.157427
-0.57863
0.555907
-0.550564
0.977034
0.800369
0.598054
0.168729
-0.991257
-0.779235
-0.949261
0.804432
0.879223
-0.270684
-0.258529
-0.14127
0.666421
0.0399182
0.703266
-0.100594
-0.501739
-0.200947
-0.24118
0.813126
-0.077943
-0.0943081
0.716683
0.819035
-0.852392
0.856796
-0.416189
0.762657
-0.172142
0.0845427
-0.817297
-0.329332
0.209139
-0.504384
0.211568
-0.72602
0.295182
0.433315
0.352114
-0.32816
0.966717
0.953735
-0.780447
0.0833212
0.568246
0.331969
0.554587
-0.420741
0.153334
-0.869813
0.687527
0.408611
0.748279
0.998376
-0.862268
0.330234
0.71226
0.464496
0.930821
0.459883
-0.19891
-0.661313
-0.00897487
0.907198
-0.472695
0.590768
0.146697
0.525104
0.408781
0.76676
-0.983346
0.556296
0.629871
0.541949
-0.620921
-0.759017
-0.711035
0.905986
-0.714179
0.791715
-0.787311
0.463095
0.0650287
-0.263549
0.487633
-0.476316
-0.88245
0.819365
0.984024
0.89744
-0.170711
-0.136628
0.972574
0.924212
-0.64227
-0.137132
-0.44111
-0.870541
0.726115
-0.956309
0.975545
0.153305
0.519054
-0.974174
-0.890786
-0.113449
0.34445
0.267095
-0.901449
0.104211
0.647163
-0.353974
-0.0596551
0.273946
-0.478012
0.568254
-0.779789
-0.181451
0.39915
-0.646848
-0.119153
0.604822
-0.646853
0.766922
-0.973267
0.999496
0.293092
-0.96572
-0.665317
-0.914067
-0.310818
0.587679
0.780959
-0.257222
0.585922
-0.880975
0.388439
0.433975
0.350358
0.939069
0.484097
0.320975
0.242633
-0.4894
-0.882204
0.631222
-0.720619
-0.87574
0.705683
0.799436
-0.0449886
-0.996379
0.324522
0.357279
-0.453716
0.091729
0.0163315
0.537799
0.930857
0.128805
0.14523
-0.92325
-0.861046
0.738202
0.661063
0.589531
0.475056
0.675628
0.410366
-0.216144
-0.0523414
-0.207081
0.745849
0.399619
-0.781405
-0.368525
0.303095
-0.416828
0.461403
0.635609
0.814308
-0.690509
0.460577
0.606992
0.856724
0.892914
0.103287
0.130536
-0.291239
0.855579
0.842331
0.392684
0.416106
0.727592
0.890892
0.841159
0.0822599
0.727854
-0.370218
0.981559
0.211658
-0.356125
0.54686
0.533273
0.928613
0.999979
-0.492313
-0.263819
0.318155
0.595868
-0.817128
0.26929
0.489283
0.923021
-0.1625
-0.0786734
0.468288
0.75133
0.714006
-0.153307
0.342004
0.42658
0.541626
0.848587
0.432552
-0.769913
0.928416
-0.947687
0.183673
-0.47354
-0.842489
-0.550001
0.855411
-0.169001
0.949802
0.771014
0.84738
0.52947
-0.983487
0.0783935
0.965521
0.892528
0.93517
0.955702
-0.775257
-0.118151
-0.922273
-0.568977
0.943174
-0.874073
0.871951
0.819825
-0.983278
0.792773
-0.094061
0.858217
0.519636
-0.453477
-0.587222
0.642994
0.42122
0.518173
-0.846818
-0.527928
-0.0468866
0.570082
0.503463
0.570082
-0.272239
-0.191113
-0.569387
0.764351
0.605389
-0.254859
0.721572
-0.197774
0.656408
0.745231
0.819027
0.0699623
-0.0805561
0.149311
0.958592
-0.976426
0.213066
-0.479593
-0.214252
0.984748
-0.186565
0.425725
0.912558
0.637047
-0.254743
0.954125
0.816315
-0.123003
0.262642
-0.60943
-0.520844
0.862343
0.632584
0.96611
0.596275
0.69995
0.487319
0.351155
-0.110693
0.680617
0.862225
-0.721549
0.78451
-0.939861
0.817539
-0.55948
0.257684
-0.867804
-0.688986
0.0787259
-0.70444
-0.951754
0.532244
0.730416
0.0297073
-0.0387642
0.889616
0.362078
0.641656
0.386739
0.88018
0.230978
-0.129926
0.874181
0.894795
0.794609
0.752188
0.845547
-0.73487
0.740705
0.605255
0.680263
0.020336
0.962288
0.678016
0.789875
-0.88333
0.227455
0.734856
-0.652974
-0.920604
-0.503827
-0.471717
0.416398
-0.415334
0.984596
0.646515
-0.0308444
0.978195
0.450717
-0.722971
-0.909501
-0.65015
0.269038
0.028325
0.376857
0.305809
-0.235755
-0.979371
0.886653
0.115309
0.979143
0.680421
-0.549407
0.980731
-0.657122
0.961938
0.954549
0.707691
0.997262
0.505569
0.910237
-0.763184
0.503747
-0.717003
-0.0279459
0.895914
-0.576273
-0.270593
-0.584566
0.504958
-0.981343
0.589161
0.982127
0.811104
0.97567
-0.172608
-0.0697555
-0.279592
0.179309
0.733097
0.690541
0.466329
-0.468282
-0.642486
0.87044
-0.692626
-0.630103
-0.502517
0.767005
0.426439
-0.548384
0.136106
0.526242
-0.0352604
0.0216581
0.324111
-0.260618
0.922116
0.966358
0.635708
0.103953
0.394991
-0.719762
-0.329546
0.37803
-0.683282
0.815357
0.299118
0.598826
0.486911
0.869682
0.481162
0.333345
0.60043
0.420942
0.787543
0.238746
-0.362303
-0.054085
0.70434
0.352969
0.391822
-0.0197506
0.0655207
0.526214
0.670701
0.540794
0.0147359
-0.423108
0.724857
-0.631912
0.0430737
0.878036
0.518527
0.706103
-0.034529
0.94612
0.494756
-0.0969214
-0.0938421
0.961269
-0.779993
0.9338
0.926026
-0.781144
0.827724
0.767375
-0.608423
0.65769
-0.165607
0.0439426
-0.381115
0.587863
-0.460812
-0.991503
-0.217316
0.159908
-0.985135
0.992206
-0.119304
0.991534
0.496462
-0.651251
0.967035
0.873725
0.833067
0.493976
0.0622462
0.195254
0.929501
-0.461788
0.377105
0.542477
0.72385
0.962415
0.597492
0.466662
0.811961
0.84902
0.0848923
0.461692
-0.397281
0.779585
0.107878
0.388175
0.290612
-0.187283
0.910611
0.0966914
-0.303777
0.563585
0.660008
0.819383
0.762837
0.83808
0.947105
0.249088
-0.688247
-0.0635387
0.93223
0.401756
0.355051
-0.702161
0.574915
0.961564
-0.38875
0.21594
0.982303
0.0114201
0.315782
-0.313821
-0.256844
0.0782806
-0.0738996
0.213074
0.606238
0.959689
-0.131099
0.116194
0.324628
0.215547
0.102205
-0.845934
0.630232
-0.571601
-0.124922
-0.322057
0.97207
0.755872
-0.0721999
0.222816
-0.791946
0.309935
0.00873217
-0.375377
-0.764602
-0.527301
-0.197168
-0.42782
-0.101236
0.952442
0.680809
0.895286
0.930965
0.643281
-0.65348
0.801735
-0.56149
-0.412276
-0.455751
0.728586
0.269581
0.6981
0.994292
0.789808
0.909911
-0.842395
0.644136
-0.841417
-0.905897
0.42476
-0.408084
0.633445
0.680249
-0.433375
0.929808
0.615219
-0.910309
0.972933
0.494084
0.11805
0.0384957
-0.0332715
0.671041
0.803217
-0.59861
-0.106875
-0.991128
0.664666
0.882286
0.144698
0.681025
-0.0638767
-0.444608
-0.0260243
-0.196856
-0.580477
-0.3797
-0.816382
0.655539
-0.673057
0.821802
-0.284583
0.65228
0.83845
0.165494
0.59089
0.5171
-0.478116
0.179287
-0.767609
0.465822
-0.996095
0.911811
-0.839681
-0.816615
0.487334
-0.0890049
0.563221
-0.451096
-0.466374
-0.816193
0.134707
0.892021
0.771234
0.0370348
-0.886324
-0.673192
0.253154
0.619389
0.377882
0.397089
0.528751
0.783643
-0.680793
-0.687938
-0.252049
0.0454565
-0.840986
0.879322
0.742926
0.438944
-0.260538
-0.909356
0.0897216
0.814069
-0.839967
0.855432
-0.739633
-0.956642
0.814588
-0.365927
0.0845301
0.750279
0.551399
-0.597824
0.796259
0.327671
0.332416
-0.858372
-0.582169
0.250063
-0.145363
-0.872052
0.916972
-0.951936
-0.208248
-0.372024
0.862891
-0.249826
0.944884
0.604111
0.363005
-0.570739
0.849131
0.7111
0.907563
-0.963654
0.588768
0.82939
0.594032
-0.581292
0.62979
0.840916
-0.498743
-0.252753
0.915706
0.955753
0.623036
0.259796
-0.46974
-0.711111
0.76628
-0.0649798
0.510894
0.453534
0.392882
-0.104299
0.239156
0.282639
-0.0332597
-0.932859
0.897073
-0.933558
0.99003
0.677991
-0.178148
-0.111178
0.762507
0.560159
-0.639646
-0.186326
0.327538
0.581146
0.855134
0.165465
0.867035
-0.277982
-0.642355
0.980036
0.600253
0.122544
-0.393134
-0.226276
0.0427769
-0.621238
0.909446
-0.629329
-0.591497
0.59822
0.219515
0.854736
-0.445676
0.15711
-0.481317
-0.0412831
-0.887936
0.550752
0.722523
0.256526
0.163898
-0.758596
0.47524
-0.0332713
-0.0433802
0.675155
0.367774
-0.490522
0.429418
-0.714412
0.696168
-0.889012
0.834518
0.697807
0.966161
0.928179
-0.114926
-0.239744
0.756764
-0.711805
0.438398
0.892227
0.446601
0.643445
0.534769
0.888554
0.137485
0.464137
-0.45106
0.698574
0.890769
-0.0240254
0.317327
0.575288
0.603633
0.568554
-0.615073
-0.767164
-0.131599
0.497038
-0.691734
0.525796
-0.521502
0.429961
0.658872
0.242228
-0.0174888
0.590912
0.977156
0.498237
0.899378
0.0907745
0.650561
0.252818
0.775901
-0.32683
0.448857
0.318212
-0.754791
0.371944
0.794621
-0.712603
0.345348
-0.166919
-0.261203
0.874801
0.733357
-0.751787
0.950095
0.0215131
0.375891
-0.201528
0.991181
0.999678
0.444117
0.793294
0.863093
0.58513
0.905255
-0.0117061
0.684417
0.759231
0.124766
0.486844
-0.384161
0.886293
0.0578218
0.390542
0.0715457
0.181593
0.690875
0.915436
0.347957
0.205813
-0.991676
0.768946
-0.991495
-0.0811886
-0.321761
-0.916296
0.096776
-0.713599
0.996071
0.404196
-0.414167
-0.198664
-0.894951
-0.764896
0.304476
-0.539049
-0.409891
0.298777
0.887044
0.519948
0.806741
0.605692
-0.0111348
0.712092
-0.801164
-0.599004
-0.919077
0.272467
-0.0728459
-0.136299
-0.983531
0.681589
0.720391
0.251181
-0.953487
0.636114
-0.584241
0.802006
0.77977
-0.416994
0.908141
-0.804639
0.941406
0.860543
0.907563
0.70168
-0.966165
0.873699
0.442979
0.874673
0.600502
0.556054
0.224733
-0.587392
0.851016
-0.162354
-0.332782
-0.516271
-0.806798
0.193931
0.208432
-0.719614
-0.99672
-0.537033
0.903332
0.910235
0.202781
0.881669
0.421076
0.569729
0.701632
0.437896
0.605904
-0.739907
-0.914485
-0.412905
-0.0967992
0.165763
0.813617
-0.517655
0.0309016
0.979218
0.749648
0.192117
0.57469
-0.300993
-0.611887
0.455293
0.888623
0.837752
0.549143
0.946777
-0.00921424
0.760811
-0.329951
0.795725
0.471693
0.471149
0.726942
-0.967475
-0.759668
-0.861867
-0.0323376
0.690227
-0.972743
0.808051
0.697672
-0.533985
-0.0944667
0.922387
-0.565394
0.635073
-0.115997
-0.602365
0.304213
0.784775
-0.626222
0.475802
-0.00125531
0.210665
-0.945448
-0.189826
0.634916
0.895667
-0.0187164
0.216519
0.799543
0.712046
-0.736782
-0.248022
0.705164
0.701437
0.0612522
0.316313
0.630968
0.904889
-0.318684
0.491885
-0.469905
0.527445
0.437604
-0.385296
0.835495
0.573687
0.176529
0.701867
0.27592
0.659845
0.970663
0.294107
0.675976
0.869485
0.425154
0.806913
0.707721
0.344244
-0.217607
-0.489233
-0.388287
-0.818041
0.198019
0.562945
0.85793
0.818506
-0.0606929
0.381531
-0.899764
0.122196
0.682404
-0.452728
-0.735942
0.96278
0.671789
0.838358
0.955104
0.771351
-0.742814
0.95572
0.18221
0.72749
0.176645
-0.193346
0.435035
0.981416
0.423952
0.518635
-0.750671
-0.19529
0.660841
0.804007
0.161252
-0.197323
0.326024
0.438762
0.391337
0.800764
0.985128
-0.0941218
-0.515042
-0.51238
-0.0167764
0.894214
-0.11104
-0.0946962
0.318229
-0.779171
0.873162
0.672297
0.0382435
0.812247
0.28783
0.927208
-0.120091
-0.179785
0.262188
0.920275
0.974879
-0.150282
0.734403
0.958764
-0.612471
-0.657911
0.692495
-0.264525
0.881649
-0.0565159
0.878671
0.673622
0.522378
0.41052
0.612327
0.184652
-0.0955446
0.0844699
0.242952
-0.0970845
-0.308564
-0.727538
0.649472
0.951414
0.511698
0.838495
0.759007
0.687053
0.886144
-0.769123
0.887689
0.417733
-0.755625
0.219419
0.0791296
-0.189559
0.216479
0.903346
-0.297787
0.259852
0.893522
0.204291
-0.624773
0.904727
-0.0486781
-0.182404
0.907113
-0.686668
-0.847061
0.575095
0.88479
-0.192177
0.978012
-0.901377
0.844186
0.29181
-0.609134
0.999009
-0.657543
0.14654
0.868625
-0.452146
-0.800697
-0.7644
-0.224135
0.81482
0.985794
-0.0889357
0.519669
0.0965894
0.928265
0.258856
0.500761
0.708168
0.973109
0.315914
0.666893
-0.793085
0.513756
-0.390864
-0.558148
0.432356
-0.641769
0.224818
0.734878
0.96413
-0.507361
0.841955
0.67264
0.623787
0.250204
0.146164
-0.525693
0.663245
0.427318
0.492789
0.715616
-0.979599
0.241015
0.975899
0.284869
0.387307
-0.143947
-0.530745
-0.929395
-0.304162
0.180832
-0.931406
-0.14478
0.644309
0.567748
-0.239901
0.294783
0.606263
0.551982
0.889504
0.0327104
0.825184
-0.571859
-0.304619
0.590382
0.157556
-0.361142
0.470388
0.570584
0.984137
0.528183
0.564277
-0.408894
0.566304
-0.595994
0.943257
-0.868281
0.870666
-0.774133
0.427351
0.0637228
0.726985
-0.00142396
-0.317089
-0.960733
0.757868
0.403495
-0.581576
-0.564943
0.979942
-0.284326
0.0786106
0.706146
0.140765
0.805805
0.994272
0.83974
0.953644
0.982225
-0.00211242
0.938261
0.657183
0.75024
-0.705257
-0.816107
-0.977061
-0.0861783
0.113987
0.838863
0.521944
-0.932182
0.699276
-0.508008
-0.929954
-0.789695
0.894455
0.701603
0.833387
0.124144
0.116678
0.169737
-0.738465
0.207274
0.375446
0.498698
0.996841
0.457698
0.957582
-0.144951
0.842661
0.753629
-0.0597747
0.56227
-0.679554
0.299575
0.21205
0.759248
0.868677
0.574673
0.962186
-0.86507
0.0373767
-0.0624634
0.143353
0.445588
0.69179
0.893327
0.445235
-0.123791
-0.342995
0.839529
0.775702
0.966089
0.181565
-0.193269
-0.685351
0.476551
0.307734
0.740399
-0.871391
-0.9264
-0.124467
-0.294682
-0.349394
-0.201305
0.14622
0.764779
-0.574651
0.181377
0.34028
0.03957
0.527724
0.946415
0.422678
0.179626
-0.18853
0.783228
-0.53591
0.528613
0.302438
-0.250613
0.965005
0.975635
-0.141407
-0.60331
0.880606
-0.489015
-0.0956345
0.10869
-0.837964
0.694633
-0.68637
0.141111
0.15841
0.192872
0.550172
-0.324182
0.443776
0.459033
0.944354
0.523461
0.819079
-0.365958
0.369966
0.563889
0.501982
0.527064
-0.445384
0.826702
-0.12832
-0.486271
0.917436
-0.384415
-0.853873
-0.906796
0.959081
-0.954936
0.830817
-0.482638
0.168783
0.756378
-0.383399
0.911859
0.722786
-0.693772
0.405996
0.421822
-0.101651
0.55822
0.924259
0.180547
0.753
-0.951169
-0.910425
0.131455
0.558116
0.378786
0.365218
0.756504
-0.886179
-0.00194057
0.601631
-0.363808
-0.0130814
0.668171
-0.0321555
-0.751574
-0.570705
-0.941705
-0.631926
0.523964
0.713965
-0.944772
0.743122
0.989388
0.783676
0.156523
0.309639
0.813807
0.937219
0.215615
0.274089
-0.157687
-0.932755
-0.54021
0.409489
-0.718442
0.961726
-0.423206
-0.499248
0.50187
-0.92531
0.531048
-0.817622
-0.44508
0.068046
0.429969
-0.808475
0.666234
0.738431
-0.196183
0.707688
0.999525
0.0315513
0.306369
0.550697
0.0895104
0.652358
-0.897544
0.886989
-0.481016
0.464107
0.839852
0.0187922
0.427257
-0.924328
0.278032
0.965995
0.266118
0.491513
-0.00756149
-0.295452
0.396727
0.627628
0.647636
0.793349
-0.984741
-0.757259
-0.680333
-0.255955
-0.822773
0.889367
0.0810906
-0.981593
-0.743761
0.673428
-0.954837
0.349122
0.931646
0.319571
0.25298
-0.991517
0.623687
-0.369769
0.597392
0.713755
0.824511
0.78601
-0.292118
-0.497945
0.85765
0.259931
0.78682
0.974152
0.0804892
0.435492
0.86012
0.427356
0.477913
0.0984019
0.83105
0.271128
0.510801
-0.316898
0.862712
0.0101621
0.412293
0.503668
-0.489486
0.625232
0.659628
0.896601
-0.162923
-0.511783
0.677485
0.398361
0.453877
0.724726
0.564413
-0.110581
0.414882
0.699473
0.0730527
-0.820592
0.221584
0.0386397
-0.201447
0.893957
0.869724
0.0373592
0.618327
0.960964
-0.604465
0.841409
0.876863
0.584516
-0.54867
0.495457
0.505763
0.677185
-0.757853
0.964205
0.354599
0.981405
0.851744
0.0567933
-0.881014
-0.574337
0.708333
0.978926
0.101302
0.461911
0.617596
-0.970354
0.635771
0.796859
-0.770367
0.726148
0.964749
-0.838513
0.130956
0.688262
-0.383178
0.69395
-0.738167
0.88836
-0.84771
-0.0254244
-0.377569
0.776124
0.571982
0.441277
0.481377
-0.273482
0.57764
0.99024
-0.966803
-0.906691
0.995862
0.315593
-0.0117423
-0.250698
0.904547
0.433131
0.577815
0.954752
0.439499
-0.295049
0.524867
0.815214
0.0836457
-0.22539
0.264566
0.523776
0.425807
-0.148657
0.687326
0.385092
-0.614472
-0.701653
-0.333057
0.679719
0.243846
0.931211
0.938695
-0.682343
-0.579217
0.506831
-0.874233
-0.2635
0.11018
0.995881
0.131027
-0.666129
0.292615
0.291725
0.868439
-0.479206
0.609979
0.626294
0.843018
0.95239
0.682862
-0.91209
-0.225046
-0.89367
0.925756
0.976202
-0.436779
0.780249
-0.835298
0.0426115
0.621957
0.527539
0.753224
-0.0243167
-0.515883
-0.953871
-0.429208
-0.196179
0.559351
0.258984
0.167944
0.539533
-0.473739
-0.685181
-0.230438
-0.836117
-0.903557
-0.655995
0.383875
-0.254511
0.87266
0.796846
0.681357
0.987302
-0.0760524
0.773086
0.976046
-0.0141213
0.863995
-0.286635
-0.877676
0.443541
0.444398
0.928283
0.564971
-0.741736
0.79355
0.324008
0.660276
-0.996052
0.749753
0.944749
0.219991
-0.914797
0.559392
0.580376
0.297045
0.548147
0.0790366
0.412842
0.947157
0.0963231
0.627123
-0.911181
0.544875
-0.196359
0.706032
-0.870369
-0.813464
0.776224
0.535766
0.96374
0.596111
0.837896
0.52143
-0.460537
0.490896
-0.911641
0.930622
-0.630917
0.460176
-0.942843
0.73452
-0.00694579
0.619048
-0.375266
-0.154211
-0.684267
-0.130607
-0.305387
-0.892376
0.264838
0.739315
0.941814
0.575161
-0.283664
-0.367213
0.674339
0.568525
0.879696
-0.110211
0.843989
-0.300058
-0.638694
0.602928
0.960239
-0.844297
0.122827
0.872444
0.143537
-0.954803
-0.669572
-0.871367
-0.0516689
0.729399
-0.632941
0.256152
-0.548233
0.160948
-0.716519
0.937338
0.690399
0.29627
0.893943
-0.403297
0.788014
0.923538
-0.0944673
0.0444926
0.160767
0.760335
0.855892
-0.633196
0.134566
0.455669
0.801282
-0.684473
-0.400992
0.259301
0.842852
-0.0194685
-0.0912974
-0.519649
0.611189
0.834502
-0.513617
-0.101587
-0.575548
-0.625096
-0.946382
-0.889987
-0.614752
0.372109
0.346899
0.70124
-0.755246
0.995123
0.37025
0.263699
-0.541855
-0.7666
0.899579
-0.732982
0.924036
0.460718
0.922905
0.849661
-0.681061
0.875395
-0.0211534
0.888017
0.981151
0.731777
-0.435511
0.966786
0.878164
0.953891
0.983823
0.292159
-0.708853
-0.571427
0.894909
-0.141951
0.95825
0.627569
-0.176148
0.607615
-0.802352
0.535006
-0.201612
0.562699
0.919343
0.690304
0.3341
0.463714
0.795683
-0.583638
0.0545426
0.505497
0.784946
0.879782
0.851684
0.934816
-0.441995
0.99162
0.556087
-0.584257
0.833464
0.923971
-0.28119
-0.45163
-0.0471081
0.413983
-0.302003
-0.574934
0.685059
-0.151515
-0.45071
0.268842
0.713985
0.546875
0.486787
0.0502549
-0.219657
0.0841435
0.453116
0.277693
0.980812
0.273061
0.837372
-0.848634
0.0987276
0.631039
0.0854029
0.663386
0.459553
-0.244768
0.989785
0.830929
0.853791
0.305266
0.788929
0.764849
0.989651
0.924747
0.0242404
0.767111
0.426112
0.311311
-0.564943
-0.942466
0.995637
0.21553
-0.199871
0.952489
-0.641177
-0.3897
0.437995
0.558994
-0.958525
0.982807
-0.715477
0.240795
-0.629609
0.377919
0.932127
0.909313
0.90412
0.583827
-0.154314
0.350147
0.303774
0.674809
-0.783546
-0.603102
0.331128
0.044247
-0.162551
0.935884
0.937769
0.364921
-0.601224
-0.0203099
-0.937662
-0.808194
0.464817
0.962756
-0.845823
0.774751
-0.454859
0.321169
0.819168
0.554301
0.615395
0.438901
-0.545062
0.314201
0.448231
-0.841583
-0.253831
-0.789377
-0.899185
0.400636
-0.371752
-0.289703
-0.634622
-0.331757
-0.0725843
-0.911666
0.5847
0.576881
-0.982423
-0.672233
0.0729313
-0.0993735
0.535789
0.0674129
0.150947
0.938425
-0.173767
-0.147807
-0.231808
-0.880081
-0.547655
0.794935
-0.491281
0.584251
-0.133639
-0.118692
0.127697
-0.737835
0.519931
0.676526
-0.415359
-0.819143
0.934701
-0.232551
-0.843341
-0.192243
0.721968
-0.98694
-0.817316
0.954485
0.683403
-0.953269
0.970148
-0.0970061
0.561641
0.467156
0.843367
0.916281
0.943445
0.452889
0.196171
0.757455
0.0838808
-0.847242
0.73873
0.54938
0.998603
-0.753393
0.389033
0.263404
0.138772
0.382928
-0.933287
-0.795455
-0.268743
0.229392
-0.483829
0.960012
0.736723
0.549857
0.230977
0.96003
0.989231
-0.821339
0.414445
0.3654
0.452812
-0.355013
0.0895448
0.838007
-0.862825
0.196254
0.647229
-0.127487
0.571132
0.743299
-0.308568
0.31474
-0.183572
0.75543
-0.806248
-0.802886
0.943914
0.265244
0.608646
-0.599007
0.326102
-0.398967
0.1903
0.544357
0.408397
-0.256722
0.0728884
-0.588414
-0.124059
0.0608762
-0.467693
0.808154
-0.417235
0.217777
0.894099
0.92421
0.364515
0.372447
0.966135
0.863897
0.402143
0.751317
0.497685
0.110544
0.423627
-0.388016
-0.150533
-0.689255
-0.299529
-0.690162
0.184365
0.733836
0.191327
-0.168087
0.456235
-0.484425
0.0916914
0.388082
0.825998
0.541712
0.724612
0.961619
0.415066
0.741232
-0.688841
0.363437
0.449563
0.616608
0.279123
-0.830065
0.167034
-0.929291
0.995616
-0.0408872
-0.992002
-0.694704
0.663838
0.156531
-0.69919
0.818838
0.827099
0.0135531
-0.0878801
-0.000479808
0.632335
-0.742361
0.337673
0.583142
0.772087
0.562178
0.079157
-0.328263
0.944831
0.90111
0.350238
-0.956895
-0.476812
0.664322
0.239368
0.613269
0.894996
0.491849
-0.396855
0.485155
0.21859
-0.465537
-0.105612
-0.620532
0.789296
0.399485
-0.313326
-0.947069
0.785276
-0.40268
-0.749817
-0.0583343
0.0345954
-0.00647137
-0.210634
-0.378777
0.660307
0.476278
0.316783
-0.492929
0.627243
0.754378
-0.0393949
0.77131
0.816233
-0.966832
0.939235
0.976618
-0.561462
-0.823437
-0.690786
0.804498
-0.321467
0.82374
0.609683
0.870352
-0.965003
0.927683
0.539559
-0.083029
0.485324
-0.42011
-0.692181
-0.315957
0.300211
0.56688
-0.679695
-0.943256
-0.439034
-0.888899
0.612806
0.579146
0.787388
-0.390176
0.239373
0.371235
0.589297
0.794382
0.873836
-0.965134
-0.98837
0.852853
0.147669
0.760633
0.33598
0.998248
0.930972
0.545904
0.882945
0.0468853
-0.976754
-0.872075
-0.528409
-0.0150183
0.649315
0.435085
0.598497
0.560191
0.984436
-0.378776
0.487235
-0.849039
-0.0330815
-0.175709
0.942289
-0.252656
-0.377585
0.992935
0.437788
0.901746
-0.554823
0.560309
0.298725
0.989451
0.728872
0.163272
-0.626319
0.919818
0.562285
0.643525
-0.825528
-0.202489
-0.73133
0.567699
-0.641735
-0.767112
-0.777428
-0.12838
-0.606691
-0.134193
0.249593
0.307516
0.0999684
0.69344
0.942192
-0.0349037
0.897447
-0.0394916
0.88905
0.427572
0.695588
-0.9437
0.217498
0.89984
-0.36547
0.236885
0.600996
0.623804
-0.869579
0.384907
0.296862
-0.00984552
0.984419
0.651869
-0.86164
-0.644748
-0.667489
0.467298
0.845784
0.0932305
0.63932
0.640513
0.768909
0.0662985
-0.778457
0.706985
-0.279914
-0.0646099
0.246446
0.247438
-0.162047
0.202201
0.350292
-0.748947
-0.662679
0.575392
-0.16386
-0.93258
-0.714747
0.58376
0.890892
-0.702066
0.93841
0.972575
0.598168
0.954854
0.586368
0.620756
0.422276
-0.602869
0.720507
-0.544965
-0.79838
-0.0168261
0.207065
0.980363
0.440586
0.781924
-0.80266
0.749466
0.183424
0.716005
0.0998587
0.721092
0.589957
-0.861345
-0.342518
0.988461
0.736991
-0.359764
-0.815825
-0.867922
0.150333
0.867563
0.940262
0.297678
-0.166861
0.423152
0.920565
0.332264
-0.277696
0.682693
0.97174
-0.96494
-0.127009
-0.760708
0.391889
0.145995
0.721643
0.301458
0.169095
-0.510076
0.692409
-0.0877679
0.913306
-0.577379
-0.779994
0.334436
-0.422094
-0.227177
0.584822
-0.631269
0.934459
-0.598073
0.452218
-0.998611
-0.276115
0.892362
-0.329034
0.769777
-0.943738
0.328451
0.486534
0.0782024
0.215203
-0.491959
-0.455791
-0.113282
0.39003
-0.999176
0.923236
0.00699599
-0.421119
-0.655926
0.897433
-0.804064
0.797386
0.00209916
-0.662554
0.474108
0.9574
-0.543762
-0.922544
-0.628236
0.890442
0.706847
0.823191
-0.876057
0.784833
0.0796778
0.156742
-0.703857
0.264413
0.113174
0.426349
-0.613832
-0.708879
-0.255871
0.167673
-0.300999
-0.546006
-0.38705
0.646138
0.602649
-0.604208
0.693123
0.577814
-0.0369296
0.168075
-0.960292
0.498302
-0.440445
0.893396
0.0814094
0.0213475
-0.934765
-0.450783
-0.168605
0.548769
0.256784
-0.369451
-0.565311
0.864134
0.85949
0.981768
0.811247
0.678521
0.918492
-0.827933
-0.0987446
-0.241273
-0.32642
-0.767298
0.490856
0.361523
-0.00711097
0.943228
0.285422
0.305226
0.0323067
-0.994882
0.710353
-0.381322
-0.674806
0.515423
-0.919075
0.757633
-0.107808
0.594934
-0.582671
0.676115
-0.948405
0.58109
-0.46135
0.0101656
-0.936672
0.831136
-0.98166
0.846763
0.400661
-0.353062
-0.402188
0.761183
0.925737
0.959351
-0.425319
0.312837
0.719092
0.133907
0.173722
0.438192
-0.971594
0.246633
-0.0551826
0.360286
0.755008
-0.0555696
0.701416
-0.376402
0.681577
0.856718
0.730615
0.839308
0.89761
-0.353047
-0.875821
0.387717
0.877166
-0.209546
-0.731224
0.235043
0.0456884
0.607362
0.37935
-0.755497
0.0700569
-0.447744
0.588345
-0.87255
0.912794
0.811375
0.2518
-0.933335
-0.0955018
-0.761963
-0.974937
-0.87859
-0.327353
-0.522988
0.623609
-0.0177809
-0.954844
-0.966118
0.340447
0.403661
-0.424198
-0.381182
-0.71143
0.567453
0.679526
-0.713029
0.971075
-0.825763
0.852759
-0.161929
0.497121
0.767117
0.254177
0.93633
0.770394
-0.638041
-0.471114
0.749273
-0.934983
0.307719
0.410842
0.399108
0.281227
-0.890327
0.674811
-0.468573
0.918825
0.718817
-0.149825
0.813223
0.625322
0.145988
0.635186
-0.353353
-0.525986
0.679754
-0.0754756
0.649274
0.945558
0.0337069
0.483013
0.0235395
0.155057
0.477226
0.991986
-0.783209
0.95515
0.821949
0.951403
0.908846
0.310288
-0.744493
-0.625952
0.93869
-0.251397
0.954048
0.0953298
0.958992
0.406662
0.735367
0.967464
0.482872
0.156154
-0.810973
0.833585
-0.130522
-0.0380694
0.95983
0.84976
0.2698
0.0830716
0.720979
-0.849471
-0.147564
0.202888
0.0103635
-0.915102
0.140793
-0.839547
0.833428
0.973008
0.529232
0.87355
0.785792
0.729446
0.321772
-0.85578
0.808541
0.387218
-0.280689
-0.0677368
0.708091
-0.67048
-0.760268
-0.865004
0.892908
0.739226
0.436488
-0.2178
-0.518261
-0.645507
0.827873
-0.852381
0.613223
-0.539675
0.589381
0.708427
0.0167504
0.611585
0.768078
-0.012566
0.250157
0.814562
-0.0247039
0.44947
0.969619
-0.592796
0.53716
0.87952
0.0955724
0.920101
0.966115
-0.0145551
0.94656
0.604357
0.74828
0.945455
-0.724639
-0.896204
-0.569521
-0.268273
0.890664
0.854871
0.833531
-0.663961
-0.900703
0.60399
0.987013
0.8396
0.0607745
-0.00919096
-0.868808
-0.540815
0.408775
-0.532252
0.582469
-0.212492
-0.64724
-0.744398
-0.769795
0.979717
0.429926
0.666573
0.848037
-0.761866
0.862416
0.713628
0.626251
0.733599
0.572938
-0.692308
-0.816589
-0.964781
0.819613
0.0687547
-0.380857
-0.867651
0.212314
0.349333
0.881962
-0.654998
0.208422
0.317341
0.488664
-0.881064
-0.797522
0.275141
0.768619
-0.970518
0.383854
0.26118
-0.346423
0.717705
0.179028
0.128583
0.342919
0.48179
-0.189396
0.486046
0.819329
0.435034
-0.0693761
0.919797
-0.583565
-0.513327
-0.185282
0.529879
0.994407
-0.283334
-0.275286
0.39411
0.624944
0.0459837
-0.234072
0.377443
0.00483437
-0.503875
-0.786694
-0.956223
0.0986674
0.526167
0.695698
0.858211
0.861364
0.717514
0.632836
-0.78008
0.207046
0.86337
0.966086
-0.832371
-0.0570197
-0.523382
0.525478
0.64367
0.550185
0.726456
-0.123197
0.463173
0.993893
0.822346
-0.207234
0.625432
-0.26483
0.307838
0.506242
-0.342742
-0.217277
0.730197
0.850091
0.095003
0.923118
0.602914
0.438896
-0.877658
-0.87491
0.532139
-0.777702
0.802812
-0.261624
0.992312
-0.74949
0.263824
0.792657
0.168277
0.065004
0.270636
0.595253
-0.457679
0.640112
-0.946478
-0.215531
0.36217
-0.908596
-0.863484
0.837199
0.0710409
0.744652
0.17768
-0.53896
-0.543448
-0.830379
0.452828
0.35285
0.680281
0.786423
0.543164
0.400113
0.560708
-0.971251
-0.237257
-0.976827
-0.0790485
-0.742619
-0.522646
0.103524
0.657849
-0.244777
0.881766
0.596827
0.687577
-0.294555
-0.563114
0.702456
0.196026
0.953817
0.720122
-0.449056
0.717508
-0.806883
0.125951
-0.578004
-0.855844
0.30873
0.660772
0.648228
0.769717
0.712844
0.866215
-0.0013069
0.582705
0.435738
0.779112
-0.199787
0.716166
-0.757103
-0.709659
0.48185
0.638051
-0.00402447
0.979388
0.636303
0.142575
-0.132762
0.410207
-0.827795
0.329045
-0.777743
-0.225259
-0.462616
-0.391986
0.594683
0.831974
0.289774
-0.19304
0.356711
-0.702445
0.392924
0.368298
0.44988
-0.951546
0.789757
-0.917757
-0.0560293
-0.911542
0.277836
0.460406
0.8174
0.817272
0.930607
0.735617
0.754364
-0.000140722
0.602337
-0.436499
0.549839
0.234455
0.566098
0.639712
0.579239
-0.241841
0.152151
0.71966
-0.307939
0.0174059
0.422184
-0.802785
-0.92574
-0.0472924
0.51187
0.639801
0.454279
-0.382663
-0.863251
0.531256
0.667098
0.809811
-0.548342
0.511682
0.80582
-0.00596625
0.842753
-0.48101
0.633772
0.425466
-0.55412
0.793114
0.939681
0.0125074
-0.659462
-0.0718118
0.646319
0.0694688
0.589004
0.594331
0.141232
0.427619
0.627844
-0.953858
0.585871
0.664532
0.302547
0.162332
0.861687
-0.114183
0.391552
-0.766767
0.256683
-0.974719
0.421532
0.665698
0.258668
0.674497
0.682469
-0.308686
0.957563
-0.71682
-0.248672
-0.620211
-0.96289
-0.940921
-0.225944
-0.174759
0.176079
0.866608
0.301566
0.534666
0.185903
0.752578
0.366288
0.268409
0.262965
0.146451
0.587318
0.11567
-0.337671
0.802571
-0.303379
0.960823
-0.318943
0.161501
0.193076
0.240166
0.863843
-0.00982564
-0.704307
0.21464
-0.464442
0.984028
0.997842
0.730863
0.878182
0.874777
-0.964273
-0.718331
0.148298
-0.535915
0.863065
-0.953359
-0.603795
0.827012
-0.27261
0.81912
0.701576
0.309786
0.758618
0.734173
-0.00478143
0.0464426
0.598096
0.809977
0.90011
-0.670254
0.472813
0.295661
-0.194741
0.0204785
0.171451
-0.88748
0.86453
0.578186
-0.915194
-0.423928
0.45232
-0.991633
0.828971
0.756891
-0.0784873
-0.172276
0.96011
0.45695
0.0405921
0.836722
0.10812
0.912455
0.473701
-0.717032
0.257969
-0.738825
-0.0302124
-0.784185
-0.754866
-0.992061
0.400961
-0.0251589
0.56176
0.693588
-0.969273
0.245802
0.588531
0.995648
0.610808
-0.249179
-0.074159
0.0909335
0.00932961
-0.908151
0.625123
0.302328
0.320427
-0.318315
0.0380701
0.490015
-0.0928981
0.410278
0.943327
0.915619
-0.873645
-0.977903
0.911012
0.475042
-0.929253
-0.380884
-0.40174
0.545088
0.0662627
0.864992
-0.906667
0.184049
0.654162
0.840524
-0.631046
-0.198114
-0.0522672
-0.783785
0.19825
0.196891
-0.956791
0.929032
-0.61717
0.763482
-0.853778
-0.519675
0.206619
0.967039
0.104694
0.625619
-0.685765
0.88912
0.221646
-0.0224316
0.651821
0.562919
0.857121
0.597962
0.442287
0.951153
0.708983
-0.366513
0.402505
0.591271
-0.118076
0.163861
0.446161
0.336837
-0.927345
0.800588
-0.0918078
0.574414
0.643409
-0.885162
0.663746
0.585608
-0.305453
0.737696
-0.175952
-0.351365
0.409596
-0.778698
0.809013
-0.410831
-0.916847
0.127191
0.391748
0.697312
0.616645
-0.664281
0.0150595
-0.510465
-0.444298
0.566631
-0.547584
-0.0113219
0.99103
-0.571282
0.594512
0.50411
0.921781
0.266198
0.681394
0.87634
0.965568
0.067042
-0.847321
-0.919894
0.678053
0.505517
-0.158036
-0.834627
-0.93124
0.146815
0.938328
0.413519
0.331145
0.853619
-0.381522
0.59779
0.598168
0.11579
0.487
-0.767393
0.974104
-0.855535
-0.929062
0.673197
-0.143875
0.609871
0.909424
0.51643
-0.948313
-0.271553
0.913575
0.755744
0.80774
0.558425
0.983761
-0.724415
0.896522
0.469804
-0.904025
0.107169
0.419643
0.708317
-0.139881
-0.287407
0.823042
-0.191402
-0.0717941
0.289672
0.53423
0.759767
0.53712
-0.050056
0.270473
0.670549
0.323115
0.0813525
-0.969184
0.0136037
0.967484
-0.840491
0.933049
-0.271679
0.488147
0.928612
0.0272146
0.162228
-0.599493
0.425513
-0.860257
-0.902142
0.0297577
0.336489
0.359593
0.856763
0.779134
0.933162
0.776819
0.208771
0.355685
0.190625
0.704867
0.797149
-0.987857
-0.47537
0.15678
0.604938
-0.767109
0.431475
0.76857
0.650161
0.902479
-0.406877
0.874445
0.544227
0.0394499
0.861584
0.895547
0.118505
-0.654485
0.375591
0.438684
0.992232
0.675071
-0.597539
0.754237
-0.782739
0.561585
-0.0287872
-0.77123
-0.742003
0.553909
0.166233
-0.861434
0.792827
-0.183239
0.932148
0.688645
0.87125
0.596158
0.373968
0.642887
-0.94842
0.919811
0.85258
0.970105
-0.532501
0.450328
-0.5478
0.181504
0.761643
0.619178
0.256388
0.440754
0.936362
0.902558
-0.737414
0.114162
0.223037
0.258785
-0.412014
0.953804
0.256557
0.280054
0.0154508
0.721628
0.594079
0.433893
0.451127
0.776946
0.895198
0.127502
-0.804519
-0.297239
-0.656481
0.977029
0.483875
0.987126
-0.271698
0.861009
0.380898
-0.199323
0.810885
-0.432291
0.234916
0.1198
-0.600303
0.96837
0.790182
-0.896243
0.647442
-0.612208
0.863208
0.46478
0.641663
0.393388
0.917299
0.224668
-0.672332
0.811583
0.953396
-0.561483
0.126218
0.780459
-0.851044
-0.0878746
0.771723
0.520103
-8.54426e-05
0.410339
0.15866
0.553202
0.0407603
-0.984781
0.123278
0.633523
0.817928
0.779617
-0.967512
-0.587463
-0.0285147
-0.549873
0.566407
0.903755
-0.849583
0.0666066
0.240235
-0.0029571
0.721771
0.576518
-0.0942962
-0.172016
0.866022
0.332737
0.649988
0.663809
0.331303
-0.0745399
0.872918
-0.0768891
-0.956587
0.090401
0.243458
0.315419
-0.447316
0.744968
-0.872253
-0.109305
0.396349
0.737613
0.990341
0.925089
0.340148
-0.459754
-0.945727
-0.777251
0.100158
0.265488
-0.424323
0.0931537
0.996779
0.252757
-0.39812
-0.761251
0.0765525
0.889282
0.404942
-0.995127
-0.278879
-0.458425
0.735955
-0.259272
-0.262111
-0.0532746
-0.692506
0.46201
0.543208
-0.702096
0.168558
0.874642
0.140108
-0.912729
0.78359
0.954892
-0.978355
-0.874682
0.732657
0.832038
0.936065
0.69814
0.0666686
-0.505857
-0.656333
-0.1819
0.329593
-0.208935
0.708568
0.46145
0.200041
0.111814
-0.90248
0.803308
-0.256476
0.416178
0.648709
0.727755
0.529015
-0.587341
0.877743
0.983139
-0.0806163
-0.876522
-0.641819
-0.946321
-0.0509679
0.0209993
0.875074
-0.341808
-0.12662
0.225409
0.721015
0.686411
0.910989
-0.338129
0.0756324
-0.473176
0.723663
0.0390148
-0.15174
-0.701836
0.947373
0.316447
-0.902164
0.895313
0.649601
-0.188448
0.306265
0.979288
-0.242699
-0.990108
-0.88871
-0.694552
0.212262
-0.992597
-0.444079
0.488955
-0.118346
0.983903
-0.542224
0.99876
0.752508
-0.887128
0.401438
-0.966404
0.025368
0.969661
0.348042
-0.316572
0.119465
-0.663218
0.120904
0.557853
0.927019
-0.546365
-0.660061
0.267264
0.564035
0.881803
0.0581533
-0.281809
-0.686814
0.419303
0.309571
0.836626
0.633469
0.0718131
0.507047
-0.948145
0.945752
-0.414857
0.526859
-0.204118
0.66524
0.0951919
0.00769222
-0.0932347
0.872091
0.502319
0.905132
0.242014
-0.392688
0.617505
0.94324
0.904841
0.720801
-0.484573
0.959731
-0.312612
-0.439308
0.377232
0.650486
-0.286662
0.519025
0.656864
0.517683
0.935643
0.511682
0.312216
0.110112
0.727799
0.543364
0.630906
0.456799
0.932568
0.415985
0.745953
-0.70792
0.649911
0.773953
0.950892
0.456906
0.317717
-0.44064
0.567106
-0.217009
0.759675
0.768876
-0.710979
-0.227269
0.949029
-0.716244
0.360299
-0.885943
0.949057
0.635295
0.444078
0.56474
-0.486038
0.109738
0.232657
-0.625639
0.336658
0.918302
0.796485
0.534336
-0.681034
0.422941
0.649131
-0.616073
-0.0337819
-0.528412
0.527004
-0.126111
0.598428
-0.191285
0.72542
-0.772555
-0.817755
0.491036
-0.571636
0.933605
0.747339
-0.922803
-0.807972
-0.49226
0.632633
0.242023
0.225823
-0.0664543
0.127248
0.599323
0.262583
0.458045
-0.703804
0.344819
-0.13978
0.861431
0.0284852
0.989899
0.398983
0.948628
0.373018
0.874531
0.912146
-0.984412
-0.191289
-0.944606
0.448412
-0.535897
-0.512139
-0.344117
-0.831154
0.406214
-0.292203
-0.594018
-0.34578
0.356613
-0.740797
0.569803
0.073882
-0.520632
-0.515256
-0.351403
0.00978305
-0.320648
0.332526
0.489916
-0.443562
0.664936
0.868407
-0.0213761
-0.966977
0.971567
-0.238144
0.956053
-0.695267
0.698173
0.613262
0.278341
-0.291545
-0.346336
-0.459383
0.211374
0.576324
-0.963523
0.79549
0.957727
0.641266
-0.550324
-0.610639
0.582319
0.800335
-0.37941
0.827394
0.969002
0.935833
0.959134
-0.740984
0.281846
0.966573
0.868877
-0.748896
0.7373
0.384637
-0.0730584
0.606717
0.798323
-0.41408
-0.319755
0.304222
0.302875
0.899301
-0.0597998
0.240495
-0.557246
0.716638
0.852922
-0.280891
0.544444
-0.493038
0.144401
0.00238819
-0.251601
-0.60586
0.176259
-0.155776
-0.710114
0.0534302
0.496011
-0.398993
0.0456757
-0.031094
-0.434846
-0.428184
-0.48863
0.616991
-0.900049
0.561187
-0.525739
0.664437
0.528121
0.464323
0.711603
0.692161
-0.023395
0.203983
0.832817
0.577708
-0.948589
0.872758
0.903919
-0.440667
-0.514706
0.278987
0.79573
0.483976
0.868634
0.127352
0.519993
0.386252
0.381444
0.699302
-0.847634
-0.308171
-0.754497
-0.808459
0.529273
0.988567
-0.806329
0.128038
-0.520564
-0.226332
-0.233631
-0.647965
0.861968
-0.619679
0.410716
0.00416769
0.947448
0.586875
0.823621
0.472664
-0.948867
0.463958
-0.722219
-0.641153
-0.198721
-0.764331
0.746293
0.551762
0.975641
0.581179
0.77375
-0.0763898
-0.729028
-0.908727
0.991485
0.642536
0.251167
0.190715
0.124594
0.154006
0.80584
0.348662
-0.222982
0.665471
0.557415
0.773716
0.865289
0.233894
0.846886
0.0980033
0.857402
0.947766
0.534346
0.83182
-0.786921
0.944966
-0.94412
0.106937
0.54169
0.755134
-0.819218
0.596819
-0.441512
0.573995
-0.386747
0.306166
0.508116
0.806768
0.473251
0.588059
0.533302
-0.220764
-0.392886
0.862246
-0.572637
0.487607
0.941652
0.295218
-0.173944
0.842767
-0.373379
0.685144
0.956985
0.759786
0.612041
0.912873
0.357979
-0.57453
0.76307
0.569223
0.854662
0.269671
0.872542
0.498608
0.790021
0.535548
-0.45425
0.211292
-0.730931
0.549499
0.975788
-0.289469
0.970712
0.390143
0.551074
0.816583
0.0543792
0.921925
-0.83251
0.426171
-0.618662
0.897732
-0.0672489
-0.316534
0.468036
-0.247278
0.865488
-0.36878
0.889796
0.750429
0.433706
-0.322104
0.176284
0.117441
0.385013
0.714807
0.933084
-0.0688711
-0.00276997
-0.395984
0.302525
0.730232
0.735883
0.685275
-0.170631
-0.59787
0.927369
-0.820962
0.588064
-0.188604
0.826622
0.966024
0.283338
-0.850019
0.738993
-0.472881
0.61377
0.697692
-0.00261274
0.547733
0.916617
0.977504
0.886285
0.315903
-0.714595
0.535137
-0.634249
0.985371
-0.815513
-0.996754
0.950945
-0.232213
-0.0499561
0.300474
0.189913
0.965853
-0.689016
-0.0315868
-0.75919
0.682073
-0.176165
-0.776563
0.278997
-0.568153
0.580592
-0.482191
0.70762
0.108695
-0.972907
0.906821
0.659732
-0.200314
0.0387968
-0.968214
0.0143307
-0.725441
0.411985
0.902014
0.833805
0.606026
-0.0571154
0.608726
-0.440457
-0.339187
0.518827
0.122591
0.891784
0.595929
0.500879
-0.887826
0.219307
0.990646
0.178468
-0.721437
0.339559
0.949334
0.618529
-0.124138
0.591309
0.439889
0.21158
0.989485
0.341083
0.327883
-0.787028
0.890562
-0.913288
-0.140038
0.861132
0.828861
0.389504
0.741071
0.618513
-0.799108
0.670097
0.322428
-0.908344
-0.913312
0.180059
-0.494533
-0.494184
-0.519036
-0.364491
-0.00282674
-0.0549818
-0.540766
-0.421837
0.641594
0.162741
-0.0749116
0.923347
-0.113289
-0.747342
0.91612
0.900664
-0.854477
-0.566623
0.815943
0.629646
0.951682
0.226682
-0.0406369
-0.860666
0.470656
0.386733
-0.527394
0.320354
-0.0304532
0.489513
0.234757
-0.212656
-0.360913
0.900748
-0.299533
-0.456869
0.299778
-0.164078
0.545748
-0.330657
0.581089
0.719808
0.187106
0.965688
-0.30148
0.316471
-0.956408
0.716556
-0.601307
0.733718
-0.974477
0.932098
0.38355
0.462848
-0.542734
0.834288
0.925395
0.190572
-0.942008
-0.625691
0.448251
-0.672575
0.729746
-0.574897
-0.724332
0.644787
-0.328932
0.996064
-0.175844
-0.640538
0.597587
0.817099
0.683452
-0.119272
-0.992085
-0.686673
0.0482941
0.666849
0.590371
0.439801
0.387574
0.985594
-0.0151963
0.935583
0.750636
-0.765228
-0.878794
-0.72184
-0.893215
0.95434
0.364978
0.79197
-0.753225
0.805329
-0.66713
0.299417
-0.521947
0.599382
0.426077
0.159576
0.755002
0.508145
0.78053
0.889891
0.906034
0.820409
0.799938
0.0545308
-0.587006
0.701506
0.1098
0.88372
0.720809
0.963287
0.575254
-0.644936
0.784078
0.759768
-0.491578
0.964184
0.348353
0.60047
-0.435119
-0.136331
0.590589
0.679156
0.465695
0.936755
0.188257
0.249259
0.546738
0.588616
-0.816858
0.76301
0.742404
0.150209
0.449817
-0.391397
0.294954
0.934495
-0.171036
-0.78387
-0.613037
0.663845
0.236989
0.456031
0.10937
-0.866669
0.862612
-0.559604
0.646769
-0.595345
0.099375
0.969097
0.484201
0.719448
-0.0214326
0.250308
-0.306757
-0.358216
-0.561715
0.912811
0.849125
0.914297
0.800448
0.601169
0.214684
0.927779
-0.417541
0.0632351
0.0155239
0.52948
-0.789218
-0.752878
0.94075
-0.791211
0.374868
0.897486
-0.346967
-0.415261
0.838547
0.931514
0.448824
0.182472
-0.244621
-0.539198
0.682969
-0.349798
0.359789
-0.554362
0.059661
0.850057
0.908735
-0.299743
0.306243
0.785764
-0.861862
0.756628
0.35548
0.57633
0.889689
-0.703079
0.334949
0.558163
-0.701175
0.582587
0.933894
-0.720663
0.0571278
0.853479
0.453116
-0.362851
0.614756
0.500619
-0.188375
0.83819
0.37087
0.969441
0.972925
0.984934
0.764968
0.714771
0.308641
0.816236
0.815584
0.907677
-0.982235
0.746493
0.499042
-0.492779
-0.898902
-0.339415
0.766088
0.866407
-0.497339
0.745804
-0.637792
-0.539016
-0.398051
0.802636
-0.762961
-0.883315
0.15863
0.671301
0.732265
-0.416591
0.919894
-0.841044
0.497705
-0.950902
0.754648
-0.453506
-0.033506
-0.753719
0.558947
0.469972
0.788467
-0.858983
-0.380386
0.102895
-0.119866
0.352675
0.0253062
0.8978
-0.521865
-0.0555298
-0.234288
0.761925
0.408093
-0.288315
-0.934877
-0.863946
0.715724
0.848456
0.863753
0.492931
-0.400765
0.583776
0.406898
0.67594
0.0620139
-0.238901
-0.0458503
0.296527
0.0235082
-0.176374
-0.175345
0.285053
0.995897
0.320169
0.157468
0.867075
0.746004
0.432034
0.196179
-0.67923
0.35199
0.148951
-0.198373
0.742105
0.752457
0.162158
0.937376
0.920809
0.58423
-0.852684
-0.100319
0.491696
0.807689
0.095331
-0.449525
0.814862
-0.167807
0.0701513
-0.446882
0.56743
0.917202
-0.046894
-0.600758
0.206592
-0.48079
0.657176
0.39698
-0.551704
0.972016
0.218477
0.668378
0.960857
0.722759
0.933071
-0.946981
0.54976
-0.666912
0.0165376
0.0802032
0.697223
-0.478106
-0.90582
-0.621734
0.988009
-0.706885
0.173933
0.210791
-0.802486
0.0593784
0.26638
0.921683
-0.0994094
-0.579514
0.416849
0.219713
0.748165
0.406198
0.492553
0.275737
0.740228
0.665128
0.409311
0.319453
0.862095
-0.783369
0.300892
0.825828
0.930489
-0.117441
0.202385
0.932589
0.291534
-0.936629
0.944116
-0.320362
0.624167
0.359521
-0.32777
-0.409287
0.916656
0.978524
0.966475
0.313624
0.805852
0.816708
-0.808278
-0.0908295
-0.695089
-0.0578847
-0.932047
-0.0530811
0.739498
0.423607
0.519352
-0.486502
0.423227
0.290745
-0.293521
-0.994381
0.473898
0.130887
0.276231
0.291575
0.202923
0.848836
0.376545
0.10735
-0.135577
-0.723996
-0.828353
0.363074
-0.443497
0.615943
0.487469
0.747124
0.601197
-0.178435
-0.740358
-0.470123
0.889993
0.287792
0.289532
0.938479
-0.571717
0.780772
0.918815
0.155245
-0.414327
0.905438
-0.201669
0.980371
0.958109
-0.217237
-0.522806
0.889144
0.53485
0.775134
-0.674556
-0.969407
-0.213486
-0.968535
0.613435
0.6122
0.864794
-0.274748
0.610934
0.621219
-0.312063
0.567823
0.658649
-0.114222
-0.238605
-0.669978
-0.501184
-0.685741
-0.0566659
-0.90423
0.976992
0.718528
0.218846
-0.667576
-0.102874
0.801703
0.439399
0.5358
-0.300784
0.9484
-0.0137462
0.878614
-0.993659
-0.926525
0.647277
0.792408
0.126133
0.715547
-0.850457
-0.911241
0.605209
0.348955
0.789645
0.963975
0.550975
0.916216
0.933965
-0.508542
0.0206594
-0.597612
0.285211
0.306657
0.868136
-0.64191
-0.524708
-0.603817
0.772739
-0.513798
0.879864
-0.693765
0.440016
0.972314
0.318647
0.612423
0.816307
0.567329
0.318661
0.683308
-0.278766
-0.0963044
0.656698
0.463752
0.899477
0.550279
0.661268
-0.113754
-0.151885
-0.949553
-0.313481
0.957481
0.477595
-0.73135
-0.220988
0.690831
0.918795
0.590575
0.543316
-0.389083
0.638152
0.886291
0.362654
0.326629
-0.937631
-0.986055
-0.145066
-0.541458
0.270047
-0.967786
-0.151466
0.0640198
0.71519
0.0761106
-0.337109
0.978509
0.994297
0.972956
-0.758971
-0.388193
0.680296
0.993344
0.280777
0.807014
0.462526
-0.39037
0.23744
-0.723801
-0.200271
0.877083
-0.680274
0.82765
-0.506064
0.297337
-0.115635
-0.236053
-0.246594
0.924387
-0.723826
0.110217
0.469108
0.878663
0.496607
-0.723851
0.800614
-0.667989
0.807499
0.111136
0.348569
0.962601
0.872049
0.853848
0.771011
0.532811
-0.210631
0.865762
-0.919237
0.688237
0.815157
-0.565001
-0.675579
0.461522
0.863182
-0.0803738
0.539404
-0.96819
0.279092
-0.301052
0.311987
0.0980197
0.725568
0.194592
-0.395596
-0.515688
0.384564
0.956443
0.854119
-0.83864
-0.00660024
-0.585621
0.590501
0.295486
-0.849448
-0.137782
0.579498
-0.177116
-0.810956
-0.984128
-0.870925
-0.291994
0.456377
0.506041
0.293283
0.382276
-0.393322
0.566285
0.541748
-0.0746397
0.430504
0.894181
0.695529
0.444856
0.345002
0.993264
-0.579134
-0.225423
-0.797323
0.73497
0.814423
0.190496
0.666001
0.605922
-0.886869
-0.387275
-0.845558
0.430581
-0.865692
-0.178812
0.85393
-0.98124
-0.671584
0.837449
0.160485
0.656534
0.481821
0.942712
-0.334951
-0.0206518
0.214392
0.442848
0.51598
-0.64874
0.233996
0.130996
-0.217424
0.822561
0.602408
0.538766
0.726083
-0.133374
0.914232
-0.212146
0.995733
0.813582
0.265029
-0.421392
0.664425
0.10537
-0.249848
-0.70023
-0.196857
0.827626
0.980216
-0.836789
-0.331837
-0.56322
0.60124
0.664766
0.854318
0.146027
0.179084
0.327696
0.906195
-0.768135
0.54098
-0.601671
-0.123774
0.500096
0.596312
-0.826182
-0.484896
0.74493
-0.214294
-0.699991
0.221678
-0.121007
0.296214
0.111824
0.856666
0.741512
0.265922
0.905303
-0.106865
-0.0848105
-0.424243
0.184184
-0.346653
0.912367
0.530249
0.451561
-0.960018
0.988193
-0.0625299
0.977801
0.0900954
0.897192
-0.60479
0.921307
-0.950866
-0.0303337
-0.468384
-0.271806
0.716869
0.711906
0.950697
0.725442
0.609849
0.955383
0.128039
-0.958282
0.44651
0.290649
0.555792
-0.607209
-0.581055
0.76681
-0.539275
-0.989729
0.554482
-0.665672
0.25093
0.828496
0.724982
0.183323
-0.977529
0.878904
0.95667
0.955929
0.108197
0.917448
0.0605288
0.632382
-0.138703
0.497671
-0.189922
-0.271793
0.868092
0.803137
-0.123728
0.0639514
0.528548
0.678906
0.491992
0.635694
0.690497
0.763582
0.857356
-0.69152
0.282091
-0.981821
-0.198297
-0.214393
-0.221504
-0.258235
-0.312369
0.0919198
0.639096
0.454909
0.984076
-0.932695
0.649888
-0.058192
0.791147
-0.507562
0.991699
-0.592784
0.825719
0.995568
0.532249
-0.386764
-0.490078
0.972717
0.782951
0.644129
0.62547
-0.691744
0.116498
0.779054
0.865524
0.593777
-0.998875
-0.442182
-0.11587
0.00915407
-0.84575
0.824116
-0.277807
0.926575
-0.927871
0.828103
-0.0271608
0.137613
0.823086
-0.764237
0.351559
0.696089
0.424058
0.296848
0.617161
0.930306
0.715311
-0.206336
0.773576
-0.550056
0.166965
0.70008
-0.635042
-0.167055
-0.102713
0.321197
0.480403
0.294559
-0.0893683
-0.80757
0.805855
0.0352869
0.791718
0.189138
-0.969656
0.625509
0.948561
-0.870274
0.569774
0.116198
0.5405
-0.345594
0.931063
0.0688788
-0.0445922
0.172823
0.425713
-0.757694
-0.564777
0.881638
0.562374
0.995973
0.491497
0.972506
0.655467
0.0334455
0.652762
0.625942
0.967731
0.864679
0.648756
-0.337757
0.567515
-0.674073
-0.233771
0.517126
0.829985
0.514812
0.779737
0.449266
-0.166537
-0.454155
0.58414
-0.598682
0.604681
-0.907434
0.843453
0.366178
-0.841409
0.200046
0.562824
-0.0774754
-0.388808
0.331753
0.406122
0.748439
0.688037
-0.935786
0.794502
0.781408
0.275659
0.871198
0.854607
-0.0366676
0.87554
-0.646516
-0.745435
-0.747584
0.905924
0.606031
-0.335274
0.391113
0.360492
-0.889756
-0.932158
0.784476
0.0298184
0.28532
0.276101
-0.837586
0.114042
0.572645
0.200008
0.281393
0.79745
0.06163
0.784767
0.334609
-0.983953
0.635123
0.564081
-0.718849
0.093061
0.691806
-0.115933
0.95882
-0.101759
0.614427
0.737332
-0.0783928
-0.749794
0.409838
0.784203
-0.264713
0.749371
0.662459
-0.851779
0.495844
0.471676
0.908134
0.176042
-0.952376
0.3662
0.189804
0.891947
0.233926
0.0955711
-0.78972
-0.141238
0.877797
-0.754287
0.968631
-0.704968
-0.945321
0.525117
0.641901
-0.975427
-0.749142
-0.779107
0.722713
0.912871
0.658251
-0.203083
0.997326
0.347122
-0.977284
0.913499
0.102759
-0.0977507
-0.156852
-0.619595
0.144327
0.457565
0.818107
-0.0804246
0.468368
0.341924
0.55745
-0.827626
0.123439
0.737593
0.824845
0.952516
0.513944
0.534489
0.889083
-0.443926
-0.614102
-0.71328
0.13343
-0.388825
0.099619
0.69364
0.831655
0.314133
0.581498
-0.989668
-0.537918
0.135448
0.783702
-0.506143
0.928254
0.769237
-0.90734
0.257217
0.865539
-0.876697
0.626075
-0.225122
-0.674717
-0.97312
-0.996519
0.300699
0.45359
0.548451
-0.10363
0.637685
0.974468
0.637296
-0.656841
-0.417754
0.167865
0.694711
-0.512615
-0.94602
-0.104021
-0.886106
0.820778
0.62772
0.566327
0.842524
0.831975
-0.421797
0.847632
-0.0622246
0.850053
-0.548179
-0.896455
0.694608
-0.0852818
-0.415829
-0.62532
0.628078
0.509953
0.618537
0.176227
0.363978
0.956781
-0.632934
0.998594
0.64676
-0.868463
0.813145
-0.224459
0.838317
-0.0673327
0.0824839
0.474664
0.4199
0.336872
-0.88885
0.919687
-0.00813484
-0.694606
0.148405
-0.747729
-0.203666
0.237251
0.61291
0.41533
0.547404
0.303655
0.4794
0.40109
0.405704
-0.0484112
0.330477
-0.68842
0.591038
0.962841
-0.571062
0.933327
0.972961
-0.630741
0.996574
-0.214524
-0.833993
-0.0114404
0.882941
-0.728403
-0.730826
0.410788
0.728553
0.928884
0.999481
-0.133271
0.509411
-0.322355
-0.309062
0.180064
-0.637208
-0.936209
-0.183205
-0.109171
0.888181
0.65052
-0.364169
0.594896
0.270488
-0.475243
-0.438964
0.889778
0.542009
0.985563
0.943385
-0.0803735
0.337031
0.347794
-0.0671386
0.969691
0.273682
0.298746
0.378562
-0.592155
0.979379
0.931221
0.278961
0.477848
0.881532
-0.0670109
-0.0111858
0.689821
0.515385
0.0430113
0.276994
0.513198
-0.771144
0.0153516
0.022221
-0.544223
-0.341044
0.533203
0.236754
-0.0437192
0.78483
-0.909899
-0.8265
-0.786372
0.370938
-0.242368
0.986127
